0.01652049
0.02372254
0.03930213
0.04180388
0.04065207
0.03847962
0.03380495
0.02549288
0.04708404
0.07688956
0.03922285
0.05148169
0.05796275
0.04423167
0.07506147
0.073932
0.08419723
0.07561146
0.09031169
0.06210796
0.04456119
0.03155046
0.06514659
0.04937304
0.04761042
0.07158388
0.08848908
0.09738774
0.08580102
0.0861853
0.08551153
0.06915133
0.07372848
0.0981491
0.06365035
0.06116077
0.06555447
0.0574594
0.06441789
0.09168237
0.06652248
0.05743582
0.0586326
0.04512103
0.03897829
0.05390976
0.02992787
0.03759188
0.03844053
0.03375009
0.03007775
0.03710861
0.02370982
0.04167748
0.03961716
0.04981724
0.0562462
0.05513179
0.0504301
0.04734397
0.04076034
0.0469595
0.06326132
0.04038201
0.04216024
0.04600467
0.03221951
0.03723357
0.04196433
0.04119464
0.02944332
0.02712615
0.0434257
0.0397282
0.0609691
0.04017046
0.04063087
0.06704232
0.04991302
0.06949611
0.05088147
0.04757696
0.04576097
0.04631506
0.07440369
0.04875631
0.06741253
0.05026996
0.06938583
0.07098578
0.09290783
0.07548146
0.0621885
0.08235647
0.0748378
0.07795817
0.1022858
0.06271618
0.06362611
0.0537085
0.06722357
0.1004566
0.07990951
0.09099346
0.08699274
0.08750617
0.09564301
0.08297692
0.1135991
0.1442264
0.119057
0.09184095
0.08787184
0.1044466
0.1046917
0.09304322
0.06940663
0.07774146
0.1117123
0.07369289
0.0661121
0.05665427
0.07618221
0.05646372
0.07109283
0.06429842
0.0724281
0.06833662
0.06121571
0.07728902
0.06841676
0.06267961
0.08431725
0.0703019
0.07315491
0.09972228
0.07727053
0.09332493
0.08680412
0.0948562
0.1001018
0.09185056
0.09743124
0.06555215
0.08020354
0.07371625
0.08622038
0.1016243
0.08064586
0.0733868
0.07212272
0.04737132
0.06116532
0.05409046
0.07508636
0.07110716
0.05251432
0.06430475
0.06877922
0.06970961
0.06673331
0.06081745
0.04161948
0.03342772
0.04817942
0.04353318
0.05894927
0.04657729
0.05932947
0.04788978
0.07782159
0.06687457
0.05298163
0.06119516
0.06167193
0.0542005
0.09674693
0.08217062
0.07725259
0.07980663
0.06855233
0.08662
0.06905368
0.09533203
0.09984616
0.07608405
0.1070386
0.1180664
0.07758818
0.09700688
0.09225586
0.0681022
0.07188614
0.05654572
0.04955544
0.05348601
0.06612999
0.06974326
0.104115
0.0859353
0.06836317
0.1010239
0.1036454
0.06669704
0.07491668
0.05314065
0.04980751
0.07487893
0.05462143
0.04589994
0.03260692
0.07118651
0.04853057
0.04851509
0.07727379
0.1194996
0.1508711
0.1390484
0.09247576
0.07476876
0.09087855
0.09495407
0.1014518
0.09534798
0.09390445
0.07021552
0.08503862
0.111603
0.1203199
0.1157915
0.09746007
0.1192819
0.0913188
0.1015623
0.06871471
0.09301449
0.1146219
0.09772617
0.1113142
0.1128833
0.1253964
0.1011058
0.08324328
0.0894446
0.08910442
0.07747865
0.09223741
0.07219184
0.06904774
0.1036692
0.1061391
0.0967727
0.08074737
0.1193319
0.07446319
0.08454168
0.06230939
0.0510556
0.05860127
0.05000505
0.07015111
0.05784666
0.05024442
0.04546705
0.05046798
0.03416019
0.0456539
0.05567621
0.03507657
0.03244233
0.0644619
0.05218941
0.0531091
0.04485142
0.05465903
0.04609115
0.06980711
0.0817819
0.105074
0.07067487
0.08667934
0.09801826
0.08184496
0.07775986
0.0664921
0.04821098
0.06003689
0.06147981
0.07502206
0.05580021
0.06284314
0.07640038
0.08241523
0.05238773
0.09612301
0.104857
0.08264528
0.06441472
0.0444946
0.04777778
0.07048382
0.07023229
0.07791677
0.07317334
0.09913652
0.08453324
0.09172151
0.08482668
0.0726272
0.07931986
0.06274993
0.04748226
0.04957408
0.06116641
0.06296898
0.05368352
0.05166011
0.05333091
0.06285294
0.05503238
0.04060151
0.05867112
0.06285186
0.06804029
0.04727346
0.06587889
0.05985711
0.06000455
0.08061361
0.06770951
0.07300013
0.04743513
0.04275534
0.05513941
0.06157137
0.07502192
0.07414055
0.09046026
0.1086145
0.07130215
0.07731917
0.0907873
0.1143364
0.08692627
0.08516147
0.1184649
0.08832248
0.1042445
0.145128
0.1391418
0.08825504
0.0771657
0.06810634
0.0759286
0.08756279
0.09934055
0.1220694
0.1048238
0.07767861
0.09728374
0.09398948
0.09260602
0.08568309
0.0994791
0.1060546
0.1232151
0.08275756
0.08863694
0.09682234
0.08212194
0.0645958
0.05858055
0.08500916
0.04810342
0.04601127
0.05224472
0.0535395
0.05366112
0.05190304
0.05346718
0.04041397
0.03886675
0.03449608
0.03821044
0.05004556
0.05508214
0.06018646
0.05875446
0.07549426
0.0735699
0.07318375
0.0971712
0.09206432
0.06548449
0.05186668
0.05829519
0.09783944
0.08405204
0.07742295
0.05620203
0.06535112
0.07488184
0.06908952
0.06992974
0.05043345
0.08270774
0.0867479
0.1303115
0.08327648
0.0942634
0.05532878
0.05800504
0.05214314
0.06049427
0.06002697
0.07742396
0.04883119
0.07061405
0.05277514
0.07215592
0.06389994
0.06316412
0.07774826
0.05585257
0.05441776
0.08597888
0.0693161
0.07705064
0.06563395
0.09236591
0.08915329
0.0732948
0.09050549
0.08733547
0.08164073
0.06578383
0.0603477
0.0520939
0.05756105
0.05342563
0.04898907
0.03477229
0.04189228
0.04882481
0.06558235
0.06062369
0.05316744
0.0511524
0.06159278
0.07380606
0.0773487
0.1045345
0.06994051
0.06256672
0.06215685
0.08418278
0.06915617
0.06102415
0.07568896
0.08548726
0.04186472
0.0573854
0.07822162
0.08655904
0.04854075
0.04926736
0.05259303
0.08093613
0.07589485
0.08865924
0.09652033
0.06582376
0.05613289
0.046874
0.05205574
0.0344939
0.03835324
0.06294854
0.05991019
0.06658714
0.05731344
0.112877
0.128205
0.08974741
0.08917918
0.102638
0.08684778
0.1080554
0.07837354
0.05674095
0.05862447
0.06103999
0.06832958
0.04710264
0.04646332
0.07222237
0.07203648
0.04721595
0.06592479
0.05270684
0.05835464
0.06036361
0.0539868
0.03956379
0.04888118
0.05763603
0.07441034
0.06264204
0.04437298
0.05468371
0.05870732
0.07098254
0.06259006
0.06998519
0.08601954
0.05956887
0.06267212
0.1071725
0.07748725
0.08726304
0.08268654
0.08633807
0.1475635
0.1765997
0.2145099
0.1625968
0.1261046
0.1252108
0.1172197
0.1019058
0.1269273
0.1450795
0.162508
0.1745464
0.1320394
0.1065737
0.1080612
0.08921758
0.1083672
0.09814203
0.07099803
0.08355004
0.07080677
0.06484309
0.07811339
0.08501655
0.05606955
0.04549756
0.06217084
0.06456216
0.05328884
0.05310869
0.0862138
0.1013611
0.1186631
0.08626592
0.08214942
0.07844282
0.07704505
0.05500553
0.0757778
0.05515237
0.06935399
0.1018867
0.1205642
0.1027221
0.08716421
0.1280806
0.1825983
0.137594
0.1478827
0.1722958
0.1574438
0.1849801
0.1278065
0.1456274
0.1281664
0.1398606
0.09844385
0.1166663
0.1224107
0.1251386
0.1388416
0.1297258
0.1119534
0.1452505
0.1312166
0.07859942
0.1113846
0.109575
0.08327804
0.08697993
0.1138397
0.1127726
0.09469625
0.1000691
0.07325024
0.04696229
0.08745001
0.06783648
0.06331227
0.04854842
0.07719049
0.05940716
0.05517096
0.05266161
0.06204821
0.04740919
0.03832022
0.05406953
0.06403925
0.06455046
0.04455086
0.07342944
0.07023039
0.08690852
0.09104155
0.106634
0.104887
0.09823146
0.101061
0.1078562
0.0669557
0.08070073
0.05675944
0.1060474
0.07658571
0.07583518
0.08916749
0.0736048
0.06484911
0.08062232
0.05851267
0.08764098
0.07517421
0.07102693
0.09508858
0.08644663
0.06463484
0.1124468
0.09474574
0.06939592
0.06511935
0.05919631
0.08345774
0.06890174
0.06672484
0.09573598
0.09118684
0.07648663
0.07731565
0.08263744
0.1030827
0.08064619
0.09595392
0.1266637
0.09647752
0.06135793
0.08478876
0.0692129
0.0904012
0.06389204
0.1298093
0.09672439
0.1192544
0.09634371
0.07523071
0.1025848
0.1034211
0.1071701
0.1143566
0.0731251
0.05081865
0.06313557
0.07060644
0.07771644
0.07210127
0.05493584
0.06391313
0.04077266
0.0874953
0.07069818
0.07409977
0.08834798
0.09627103
0.0940926
0.1389045
0.100889
0.07864201
0.08791201
0.08513662
0.09243983
0.09068507
0.08976175
0.08054001
0.1147162
0.1111745
0.09039752
0.1364757
0.1223361
0.09148605
0.08801587
0.06471007
0.06102105
0.04984963
0.04889987
0.0556374
0.04565411
0.04918323
0.05501431
0.06036193
0.05353533
0.07599834
0.09054795
0.08859509
0.1301107
0.1526467
0.1548479
0.1704092
0.1558884
0.1510941
0.1456748
0.1221688
0.1428156
0.1155172
0.1424073
0.1245016
0.1549079
0.1050841
0.1025047
0.09595504
0.1304694
0.135741
0.08561906
0.0759052
0.06834418
0.07178717
0.09104987
0.06792295
0.09790035
0.08018515
0.07720844
0.1001638
0.07175105
0.08175336
0.04499319
0.05703749
0.0587014
0.08678331
0.09826389
0.1005352
0.06064626
0.05372496
0.04927589
0.04128772
0.04768767
0.05372886
0.03737391
0.04656925
0.04849024
0.04813685
0.05779392
0.1005441
0.08060704
0.1611134
0.0826452
0.06886428
0.06003884
0.09237527
0.05926955
0.07464419
0.05320008
0.06134388
0.04168217
0.06252512
0.03873885
0.04623866
0.04538111
0.06896179
0.07929349
0.08180572
0.1042862
0.1190879
0.09046054
0.1181792
0.1197361
0.1125668
0.1703798
0.1283166
0.13778
0.1485428
0.1604638
0.1256269
0.1247741
0.1099992
0.1533681
0.133361
0.1075054
0.0966696
0.1106598
0.1156546
0.09888303
0.07781687
0.08395967
0.08448404
0.1181336
0.1487666
0.1369171
0.1620106
0.1256805
0.1323541
0.1280179
0.1391676
0.1401843
0.1806625
0.2044182
0.1915302
0.2389725
0.1958585
0.1827135
0.1250844
0.1780327
0.1138642
0.1041469
0.1214075
0.1795522
0.1584768
0.1245242
0.1105593
0.1075625
0.09738999
0.1246328
0.1215064
0.1038205
0.1038475
0.1106607
0.09960463
0.0839219
0.06257361
0.08838974
0.07943059
0.05713682
0.06000518
0.07206508
0.07270928
0.06660988
0.0809545
0.0906777
0.08353355
0.0998191
0.1017426
0.06173683
0.07382292
0.06630666
0.07698163
0.04879195
0.07275036
0.07929976
0.09080186
0.09356018
0.09480962
0.09117613
0.0994316
0.09241192
0.07706399
0.09788368
0.09712183
0.09312001
0.09923445
0.07346448
0.09142426
0.08637122
0.1645209
0.1133645
0.1267007
0.1013774
0.1045997
0.08558974
0.08439982
0.1077409
0.1035151
0.07785065
0.08754014
0.09479875
0.1021985
0.1038653
0.110685
0.1112646
0.1117112
0.1033338
0.1226592
0.1225612
0.1161765
0.07881778
0.07603037
0.07654907
0.09600204
0.07746218
0.06257997
0.0643517
0.05906011
0.06173361
0.08959748
0.07029735
0.04605711
0.0476354
0.04150711
0.03750387
0.06375916
0.06164151
0.06999096
0.06690614
0.04633081
0.04972246
0.04054469
0.06020377
0.04583799
0.06421545
0.07002875
0.06911992
0.06240181
0.07333634
0.08022814
0.06548864
0.08185961
0.07821967
0.07360029
0.0643443
0.08600402
0.07899689
0.1026705
0.07361439
0.08827711
0.09493127
0.07878367
0.06512496
0.07171396
0.07879833
0.06928389
0.07858501
0.08376694
0.07992715
0.1201302
0.08927568
0.09563477
0.108552
0.09993252
0.1009782
0.1216268
0.1040919
0.09668131
0.1082754
0.08799898
0.07317716
0.1044992
0.08455467
0.1433787
0.1090245
0.0884729
0.106426
0.1243395
0.06452353
0.06798522
0.0929172
0.09279335
0.1419895
0.08884867
0.07783149
0.0858881
0.05434503
0.06915532
0.0986983
0.09268907
0.09190835
0.103378
0.1057064
0.08868056
0.06416151
0.06944146
0.07878346
0.08327934
0.1003821
0.07779471
0.08650282
0.09734152
0.05764529
0.07040701
0.08209678
0.06117434
0.06963263
0.06116162
0.05756275
0.07806952
0.06904346
0.0573937
0.04748493
0.04455437
0.05833574
0.06757709
0.06714359
0.06656331
0.1143795
0.04911345
0.06198829
0.06384915
0.06585036
0.06967473
0.06657544
0.05571495
0.07690281
0.07325611
0.06478033
0.08461452
0.06629519
0.07179044
0.09320307
0.09577193
0.1494392
0.09708837
0.08309851
0.07605571
0.120359
0.1207032
0.1125995
0.1308958
0.1209171
0.115117
0.09129011
0.08208492
0.1257904
0.1007346
0.1016524
0.1264236
0.1285847
0.1224794
0.110813
0.06719824
0.07822792
0.08282156
0.1021193
0.07147526
0.06901206
0.06912086
0.07863481
0.1118136
0.0839415
0.0968228
0.07231639
0.05909973
0.08987026
0.1031436
0.1235569
0.08067633
0.08600136
0.1075311
0.09779292
0.07105854
0.06781282
0.0541659
0.06195477
0.06410258
0.06015908
0.05742291
0.05547255
0.06901634
0.0692228
0.06614486
0.07126504
0.05900773
0.05451557
0.05635971
0.06256772
0.0659764
0.06617443
0.05600664
0.05456535
0.04747315
0.0457813
0.0737281
0.08242511
0.09572889
0.0747964
0.06105902
0.04522306
0.03012167
0.04371844
0.06629114
0.08480488
0.06878312
0.08431194
0.08441998
0.1165164
0.08553562
0.1055782
0.07778967
0.1098819
0.1921731
0.142479
0.1600196
0.1260927
0.1538467
0.1564076
0.1015861
0.1031767
0.1079579
0.159549
0.1197964
0.152907
0.1307446
0.08202657
0.1510268
0.1169906
0.1273053
0.1273394
0.1093598
0.1503972
0.08551448
0.06668467
0.08288405
0.09827911
0.08561568
0.104409
0.1224926
0.1164931
0.07686761
0.08105642
0.08163755
0.06833181
0.07382764
0.05046668
0.04238518
0.03755401
0.03066408
0.04093971
0.0634969
0.0522216
0.04085697
0.04200418
0.04349849
0.07121445
0.05940946
0.06859007
0.06670081
0.0788895
0.103003
0.06918548
0.1186451
0.06792978
0.09671554
0.1006564
0.1084411
0.1097598
0.1050328
0.1313232
0.08307311
0.1371176
0.1322641
0.1384192
0.1597576
0.1192981
0.1475825
0.1289035
0.1435007
0.164088
0.1740267
0.113904
0.1277248
0.1397618
0.1416317
0.1308296
0.0835573
0.1266849
0.1177359
0.1252448
0.1121839
0.08141413
0.1006952
0.1318208
0.1129885
0.0922669
0.1284495
0.1288865
0.1120866
0.1314035
0.1201025
0.07450691
0.07985176
0.09047439
0.07356487
0.06522442
0.05803224
0.05161578
0.05230777
0.05213288
0.04986923
0.03764671
0.04695692
0.05122429
0.05220363
0.1064386
0.0629325
0.05584439
0.08465159
0.05256257
0.06375164
0.05646592
0.05251754
0.03616721
0.04326697
0.03818725
0.03918198
0.04135268
0.04179468
0.0455092
0.07674301
0.0414296
0.05965138
0.06867431
0.04655492
0.04588505
0.03712455
0.04872631
0.06682917
0.08367691
0.07328838
0.07119004
0.08452384
0.1115876
0.0896559
0.05907723
0.06910666
0.06851431
0.1098412
0.04670112
0.06291048
0.06770517
0.07675292
0.08526194
0.1015892
0.0784116
0.05525182
0.06863098
0.1104184
0.08470783
0.09631243
0.0877283
0.06509729
0.08172078
0.09151077
0.09981645
0.0887913
0.09309124
0.1076986
0.05528237
0.0666275
0.04242858
0.05017104
0.07654706
0.0831382
0.07244828
0.07795268
0.1070823
0.1200961
0.07481624
0.08891531
0.1073567
0.08982975
0.0842706
0.07308973
0.08006068
0.08363267
0.1230006
0.1478444
0.09536305
0.1376675
0.1340651
0.09489362
0.09756111
0.1409483
0.1010671
0.09725754
0.08749534
0.08257651
0.1000585
0.1192292
0.09767273
0.1268347
0.1380025
0.114324
0.09745252
0.08289729
0.06380772
0.08488829
0.09897218
0.09175756
0.0624215
0.106746
0.0982605
0.09891979
0.1129375
0.08346103
0.08808393
0.07683261
0.08531661
0.06843588
0.06401219
0.08150416
0.04553992
0.05596884
0.07493275
0.1041065
0.07441708
0.06267303
0.0579704
0.07104436
0.09059522
0.08257291
0.1004198
0.06796719
0.07094343
0.0753214
0.06844242
0.08157842
0.09953088
0.07057087
0.1020843
0.1037163
0.08888898
0.06874109
0.09023484
0.07881782
0.06799436
0.06570701
0.06281995
0.05680342
0.07850481
0.07370685
0.07384198
0.09563501
0.09674453
0.06617216
0.07735168
0.07183969
0.03965439
0.05908981
0.06268109
0.07714901
0.0729014
0.07023961
0.05421221
0.07056197
0.04657324
0.05985874
0.06958058
0.06166453
0.07763851
0.06966327
0.07243239
0.09006078
0.0805013
0.07146757
0.09998541
0.07490791
0.09508642
0.07306239
0.07336224
0.0559511
0.07970053
0.1331917
0.1073051
0.1119622
0.0835999
0.06822748
0.08110459
0.07711878
0.0526968
0.05406509
0.05287486
0.05132953
0.04523984
0.04675873
0.04652704
0.05446681
0.05008256
0.04933906
0.05733585
0.05922974
0.09033892
0.07356678
0.08254237
0.0639765
0.07537701
0.1266211
0.09110678
0.09437549
0.05599398
0.0472908
0.04303233
0.03755279
0.04444009
0.04141828
0.04191094
0.0476949
0.056521
0.064875
0.06666035
0.08726619
0.1009022
0.08719974
0.05829674
0.05222793
0.09360976
0.1298453
0.1275628
0.08317928
0.08631091
0.06191211
0.05650694
0.06506679
0.06498716
0.05453459
0.07604642
0.05063298
0.04770431
0.05789041
0.04020699
0.04701213
0.05036619
0.04193315
0.03663801
0.04247537
0.04170018
0.04772354
0.07727338
0.06355806
0.09390846
0.1053583
0.1340657
0.1342526
0.09797763
0.09707103
0.1236099
0.1162673
0.09274071
0.09536939
0.09127336
0.08776726
0.05881725
0.07559057
0.0907283
0.08444361
0.07178055
0.06612945
0.06353296
0.09459317
0.06775959
0.08659865
0.07770731
0.08542291
0.0770753
0.08434332
0.1065876
0.0948053
0.07517178
0.07292598
0.05559572
0.05355018
0.07397449
0.09722525
0.1125794
0.1077497
0.1144773
0.1009742
0.09813984
0.06509681
0.08133254
0.1052888
0.09087789
0.07686654
0.117023
0.0721573
0.08194045
0.07812029
0.1294454
0.0708204
0.1157758
0.114553
0.08871792
0.09239929
0.08181699
0.09111233
0.09282198
0.08744435
0.1695309
0.09749787
0.0851482
0.09766902
0.1478242
0.1051599
0.11693
0.07504605
0.09449726
0.1238421
0.1018673
0.1093981
0.09954825
0.09887293
0.1022071
0.09939703
0.09644272
0.07684227
0.1332505
0.1156606
0.1301848
0.1983767
0.1387614
0.1310877
0.202336
0.1360362
0.1369322
0.148833
0.1505359
0.1225633
0.1201405
0.1317289
0.1799832
0.1488134
0.1540513
0.0919533
0.129278
0.1369982
0.1148184
0.1177982
0.1404596
0.1087708
0.09397773
0.09813941
0.08149881
0.06692563
0.07626868
0.06302809
0.09721411
0.08964845
0.07361567
0.0637525
0.08140229
0.08988163
0.1168386
0.1350875
0.1370646
0.1033574
0.07730522
0.1168104
0.09020687
0.07348785
0.07347889
0.05891259
0.05566046
0.06157758
0.07662167
0.08307588
0.1259326
0.08812801
0.0894753
0.1218892
0.1510687
0.09131481
0.1123775
0.1456869
0.1104981
0.07831018
0.06827471
0.07946795
0.04985181
0.06472134
0.04505378
0.0528976
0.04814861
0.05026978
0.04629387
0.05404392
0.04296603
0.04748119
0.06690839
0.04572661
0.05309771
0.04147093
0.05088698
0.0392835
0.05074759
0.04054032
0.05344658
0.04745969
0.0359151
0.03502521
0.04789226
0.06918203
0.04844217
0.04757307
0.05413504
0.06731473
0.07111562
0.07766455
0.06743244
0.07192091
0.09171871
0.08836744
0.09053535
0.1219009
0.08144744
0.07188581
0.06816454
0.08974759
0.05913758
0.05917334
0.05500042
0.06775341
0.06512593
0.05753721
0.05155455
0.05028594
0.05748696
0.06165388
0.04891912
0.08000853
0.07787314
0.06348398
0.04083529
0.09152398
0.107506
0.1444759
0.1621126
0.167405
0.2097141
0.1894049
0.1815118
0.2340756
0.2627667
0.2311759
0.1710826
0.1919745
0.1818712
0.1172957
0.1277858
0.09163806
0.1010849
0.1213569
0.123756
0.1484749
0.1480369
0.1160943
0.1616694
0.07267964
0.06781233
0.09006802
0.08436765
0.07719657
0.07241216
0.09329921
0.114298
0.05825638
0.07084451
0.09665853
0.08811601
0.1275089
0.1086035
