8.432244
6.089532
7.107799
7.265354
6.027992
4.817412
4.94348
4.369289
4.467873
4.096558
5.168032
4.814648
5.208748
5.374098
4.974399
3.84254
4.224732
3.036129
3.441189
3.714777
4.433496
4.999212
6.17638
4.834739
4.157379
4.52315
4.559705
4.01104
3.819955
3.290588
3.94212
4.396173
4.845923
4.488161
5.368197
5.355043
6.650287
7.923849
8.626766
7.882265
9.23475
8.373526
11.10535
9.418758
10.21581
8.586305
9.159998
9.053158
7.112205
7.428507
5.849093
5.755638
6.290615
6.434485
5.668679
5.329415
6.285479
4.16829
2.902379
3.290544
2.945664
2.550138
2.493114
2.569459
2.699886
2.995413
3.215136
3.147875
5.197827
5.030101
3.846181
3.328186
3.63497
5.13223
5.773458
6.533486
7.298069
9.064886
11.20169
9.072143
8.097566
8.297012
7.503139
7.465821
7.122933
5.766422
6.625402
5.978864
4.121814
3.358605
4.215888
3.772495
2.876579
3.443026
3.817582
3.294959
4.178857
3.679298
3.949839
3.350482
3.053369
2.901083
3.122843
3.752735
4.024483
4.06643
4.005756
4.658488
5.771381
7.160274
8.412088
9.424952
8.722989
11.26543
15.34551
20.42954
21.68624
15.883
13.67729
11.2841
8.771078
9.710907
10.10176
10.85636
10.2126
9.937608
9.457833
10.3453
12.00284
8.844666
7.273564
9.398304
8.708415
6.990237
6.830439
7.323606
6.338709
5.976249
5.968118
6.612804
5.411217
5.117285
5.026923
4.316841
3.944283
4.914075
4.95243
4.750428
5.210303
5.222941
5.81073
5.667622
6.038016
8.460294
9.092124
8.204952
7.42267
8.8115
7.016332
5.808024
6.481686
6.443837
6.054717
5.055523
5.270693
4.899116
7.468346
6.705265
7.320483
6.795355
6.082922
6.106601
7.050532
8.558357
8.206901
8.707042
12.77885
15.44018
11.68449
9.367151
10.91632
11.71758
15.63488
17.54894
18.72729
17.57665
14.06777
10.28926
9.508042
6.942827
5.603401
6.296821
6.13348
5.024151
4.920636
5.99136
5.444022
5.932348
4.814708
5.371835
4.40298
5.014604
4.223445
3.727707
3.420842
2.848396
3.976978
4.490108
5.320353
5.129522
4.706498
4.626392
5.805041
4.781295
5.772572
5.595291
5.536969
6.193767
7.538595
7.843903
6.812522
6.894454
7.593513
7.844122
6.26797
4.678281
4.984739
5.19512
5.796539
5.158674
3.779301
4.53043
4.974462
4.98991
7.170149
5.963593
5.29289
5.960562
5.641486
5.660186
6.918122
5.843719
6.768621
6.448986
5.545143
5.002961
5.272384
7.099731
7.356628
6.90798
6.937591
7.851072
7.967507
12.78291
15.22136
8.285559
8.748377
5.621811
4.481132
3.94665
4.16116
4.219771
4.740345
5.194277
5.753666
6.65835
7.09924
8.610177
10.80118
9.909574
11.20638
9.644441
8.835549
11.0427
8.933324
9.878492
9.960142
12.75945
11.75038
16.30433
18.43341
18.7628
17.1708
18.87876
18.45787
19.59646
17.4818
16.6934
23.05772
27.11519
23.42106
25.04306
26.44288
32.57716
32.87739
34.01058
31.39406
37.58496
30.21288
27.86592
36.43877
26.4399
21.95661
22.78256
29.14948
26.93819
22.88952
19.21724
16.22342
21.33944
19.29095
19.40105
17.18949
12.81094
15.46486
16.73084
15.89731
18.36167
16.60566
14.99776
18.13035
19.58077
25.41953
16.58846
15.3166
16.97647
14.86511
13.5273
12.77027
13.98311
9.4572
11.06331
14.18245
11.88173
11.25005
6.980198
6.161542
5.119277
6.951047
6.551788
6.794261
7.5263
7.035454
9.348025
8.852744
8.223013
9.150158
10.26476
8.982496
5.190801
6.795905
7.068528
6.557538
8.790726
6.804093
8.517221
8.466392
8.630892
7.348939
7.812614
7.640664
11.06954
13.05031
13.09954
12.30166
9.700846
11.18761
11.03229
13.71762
16.6462
22.6286
20.76568
22.84398
21.6828
19.30981
20.15625
23.72159
18.52206
14.82245
14.06658
12.946
13.11329
12.63304
10.59908
11.64328
12.48242
13.21783
9.751241
14.87273
14.75913
14.51046
12.2481
9.02313
8.689639
5.149952
6.987706
6.955519
6.261064
7.403813
7.920981
8.235569
6.654955
9.239762
10.47693
8.596338
8.209618
8.271708
6.849172
6.418137
6.296534
5.702924
3.933267
4.342259
5.713415
4.39399
5.053884
5.114505
3.663881
4.260737
4.237792
3.425429
3.281956
3.076481
2.585823
2.883941
3.567058
4.688046
5.343151
5.001811
5.896285
6.130131
5.62345
6.550842
6.963823
8.253771
9.749007
9.730545
10.37459
11.19707
11.04949
10.50829
9.917481
8.673493
8.111929
8.207343
10.80257
8.656632
7.968037
7.959566
8.622686
7.723313
8.136269
7.05112
6.340803
6.031773
5.198994
5.303041
3.926556
4.016395
4.778019
5.42908
5.511364
5.991488
4.352756
4.755652
4.561599
4.917597
6.020268
6.687203
7.109634
5.608329
4.629089
5.078995
5.445934
4.824011
7.175181
8.59321
8.952031
7.378837
7.159305
6.39713
5.792366
6.576167
8.553273
9.33291
7.200199
6.770656
5.083105
4.750048
5.97653
7.61339
10.22123
8.569455
7.479063
8.173653
7.122811
9.243814
9.399882
9.718451
8.391808
7.989083
5.663291
5.402066
4.208221
5.329314
7.451978
8.270905
6.168935
5.106038
6.512133
5.651166
6.073399
6.498962
5.77784
5.677342
6.988975
5.418227
6.352101
5.966198
5.227262
7.639373
7.207425
13.86672
11.60413
14.85594
15.79991
13.18962
13.35459
9.757714
9.772764
8.459516
7.888417
9.808299
9.947916
11.07727
12.89908
9.764935
10.13557
10.62446
15.8446
16.5845
20.75594
19.79171
12.4261
11.43511
15.14264
19.91185
18.75214
18.30131
17.25645
16.52139
14.51886
13.04386
10.59594
10.03444
9.49924
8.286254
7.571096
8.264821
9.279027
9.53762
9.073002
8.903002
9.173867
8.447621
7.861837
6.072121
7.115499
6.525624
6.51839
6.741042
7.088781
4.567513
4.831285
5.043439
4.113085
5.188056
6.066822
6.338262
7.492736
7.284653
5.338269
5.845376
4.93447
5.799933
5.783069
4.439527
4.289084
5.956157
5.084047
4.631246
6.312187
6.534595
6.676668
6.487173
6.997001
7.653631
6.308715
4.965731
3.216245
3.608482
4.75932
4.068698
4.563136
4.190487
3.886779
5.023445
3.828649
6.419033
4.817449
5.635713
5.366564
7.5457
8.842387
7.718922
8.015986
7.941868
9.44216
9.250403
10.78222
10.4463
10.40795
7.463831
6.253968
5.976869
6.888142
4.870082
4.79325
4.33087
3.429859
4.115555
4.674917
4.565306
4.584208
3.770918
4.768426
4.168149
4.178675
5.288393
5.030792
4.557763
6.294524
6.192544
7.753731
6.803081
8.24151
7.669176
6.600153
8.994516
9.782671
9.742979
11.12044
8.824049
7.507598
13.11346
11.22494
11.91033
10.24965
13.74932
10.77664
10.57839
14.73276
13.5122
10.81837
11.87307
12.33433
13.4443
11.48983
11.14188
8.948089
8.242328
7.66958
11.61392
9.50322
8.513598
6.575426
6.108942
5.680823
8.099316
8.346561
10.27705
8.388421
6.042889
8.39284
7.988802
8.054623
6.804592
6.902054
9.347727
8.051399
7.598077
9.170318
7.274438
7.437701
7.549281
11.17641
9.242156
9.66926
13.38271
10.3308
9.048363
8.596314
9.336603
8.024451
11.27714
14.49282
12.05451
9.788142
12.08072
14.22116
14.94465
12.76432
10.00699
6.929268
7.776941
7.438914
5.413954
5.683566
4.908591
4.522887
5.10588
6.162173
7.753121
7.596324
9.133735
10.58417
10.02729
7.554224
8.990982
9.291931
8.727359
9.208892
9.267109
10.52745
9.576879
8.24469
8.34936
6.762706
10.94515
9.101677
12.78571
14.2121
11.71628
10.47511
8.036424
9.410188
8.623121
7.646782
6.26759
9.253567
11.01356
10.17772
7.851386
7.188892
5.389557
3.602854
4.033064
4.689392
4.138501
4.068467
5.245106
3.81628
4.442475
5.560003
4.221146
4.317741
3.919405
3.880532
4.096098
5.220166
5.246439
6.244345
4.688109
3.785487
3.944509
3.820593
4.635847
5.115627
7.458424
5.495051
4.536733
5.670664
5.479664
6.08444
7.511426
5.63678
5.587623
6.733015
8.642917
7.837031
6.818593
6.674275
10.2481
10.23141
10.23002
12.77641
11.73
12.39931
15.20921
14.39085
12.54023
13.1857
18.93312
15.73047
17.62725
15.24625
17.09296
19.09423
15.59046
16.041
11.90067
10.85451
9.939082
12.8864
13.01896
11.3025
8.699542
6.738715
6.803322
6.133318
6.500029
6.663213
6.795862
9.513861
11.24142
11.90951
11.59177
19.71205
29.95657
28.45021
27.16551
19.72114
20.22246
18.69721
16.42692
19.54651
22.11922
20.76561
20.41166
21.53965
20.59072
33.45211
27.73842
23.33364
17.87986
13.15586
13.89873
11.39444
10.18922
10.76705
11.16948
9.280886
8.368836
6.262454
6.898664
6.222998
6.800945
6.637747
4.271467
5.19292
5.469899
3.461711
4.019457
4.16872
3.664547
3.912509
4.250888
5.180099
6.943927
8.381873
7.360309
9.188728
9.425324
6.982194
7.796983
11.42636
11.27973
11.57959
10.2478
8.422084
5.735967
5.972736
7.66644
10.11288
12.37139
9.501105
7.911177
9.595719
11.46365
9.591519
8.268472
10.80559
10.24163
10.69044
10.23244
10.86147
10.89818
13.41216
10.22982
9.54584
9.601407
12.69796
10.33305
9.552716
8.286771
6.414879
5.89886
5.571055
6.197009
7.782291
7.09959
7.067038
9.890771
8.125349
7.723932
5.523231
5.60696
6.219771
5.623653
6.876373
7.492884
8.534677
6.563498
7.728567
5.518628
5.864673
5.764601
4.963393
4.976918
4.469522
4.289688
3.674063
4.677079
5.360908
4.943183
5.93223
7.12162
7.333108
6.233747
5.490479
5.774006
6.543183
7.341134
6.556705
6.519134
5.883105
6.079838
7.5236
8.383383
8.5941
10.11517
8.012729
6.726747
10.02376
11.69375
11.4342
11.03063
11.00419
14.01587
15.79592
14.31075
13.51394
14.06827
13.99983
14.6662
13.13961
12.0527
10.58476
10.331
7.567742
11.08495
11.77172
10.93539
9.825172
13.9671
10.82978
9.086641
5.712566
5.910798
4.675637
4.77723
4.571236
5.390143
4.1669
3.639301
2.88659
2.87811
3.227762
3.630574
3.731942
4.173516
4.391904
4.032289
3.549634
3.902938
4.33781
4.098131
3.323725
3.339334
4.219293
