19.28231
23.01178
27.46237
32.84046
38.08575
32.03668
35.38975
31.77138
38.15732
37.63579
37.56477
36.99965
39.15276
41.31061
37.41688
35.53818
35.39838
34.01242
28.75381
24.79951
30.10763
38.06004
33.08004
32.77645
40.21863
37.57043
35.76095
42.20651
36.50922
36.39644
31.20354
33.9757
30.57259
30.64598
29.56335
32.57098
25.92123
24.444
28.32584
28.0746
28.47428
27.82979
24.16007
24.00243
29.57996
31.29894
34.29424
29.2131
32.20639
32.39553
32.70193
37.98409
45.40094
41.9146
40.94705
37.11261
40.52802
43.43538
41.77796
39.87546
35.94264
36.95938
30.71053
28.80143
26.07644
24.86426
25.47466
31.18558
37.55241
31.06055
35.27516
27.28767
25.76946
26.31105
28.74311
24.42579
26.45436
30.1091
35.49162
32.71446
35.6935
31.32542
29.46527
24.75111
28.75797
34.87955
36.37271
34.81947
28.70888
27.71896
25.81318
27.98645
24.78043
25.68756
24.4905
29.45966
32.09986
37.04712
29.09317
27.8907
32.57111
32.49369
35.59554
36.75618
31.362
35.13908
34.40977
38.53199
38.4396
46.42653
48.523
43.2642
46.89719
59.75482
54.50125
53.63034
47.84463
46.22127
42.04944
42.01462
39.83043
42.05881
46.25688
41.61828
48.25685
44.36429
44.43129
44.06562
41.96393
46.95044
47.42563
40.98139
41.22967
45.79882
40.13493
42.89338
38.29798
39.20144
40.17641
41.60492
42.3044
40.20292
43.18077
41.26459
51.74079
47.76179
40.28354
40.80401
38.80728
39.40029
36.1168
40.68099
40.7263
36.41096
44.60581
41.80129
36.43934
42.90908
46.1279
50.85113
54.86274
73.09319
73.11687
82.05034
77.75343
65.80986
62.53755
61.04099
48.05557
61.17907
66.35345
75.46403
69.23832
63.85526
63.54347
68.40455
62.62758
72.41507
71.74548
75.32294
74.86438
70.33502
62.63464
52.49963
58.76447
67.70156
64.14576
61.9319
60.18186
55.51915
57.8618
67.40212
57.06976
66.10712
62.9161
62.69908
58.80462
56.84417
44.13629
42.77475
40.53596
35.77093
34.32891
34.90042
38.05531
34.67855
30.02259
35.89547
36.43668
41.47063
44.35206
42.15836
41.5514
45.67007
42.97304
42.62882
42.37387
38.52387
41.76353
47.15783
48.10598
40.71389
40.40175
40.24147
45.88556
45.18138
48.70369
57.52308
52.58186
61.3804
70.09939
59.98514
66.18447
65.97659
67.974
49.81575
50.36164
46.07501
50.93059
43.55314
54.83596
59.55942
76.19855
68.99647
61.86898
53.43466
56.05199
56.66465
52.44552
53.84717
53.22552
60.02028
57.45619
58.86232
65.47757
71.23497
66.44405
66.0686
58.68469
52.27256
51.14649
50.47742
39.93279
45.43942
43.74665
40.82928
43.61616
41.51179
33.76978
37.80626
31.04257
35.53539
31.83034
28.47717
28.08403
23.13464
26.30059
22.70664
21.25578
21.27476
21.37512
21.98749
21.6044
22.57664
22.78057
23.27289
23.50988
20.67581
19.1699
19.57955
22.3811
23.7407
21.24334
24.63022
26.10386
25.26184
31.13232
28.6547
26.9864
27.75111
29.21825
33.87915
37.44858
32.67339
32.08532
31.44258
32.72547
32.49193
37.70983
41.57465
38.12551
36.05197
36.5526
44.62497
44.71734
40.32444
40.99501
37.61608
36.56956
45.36124
42.93801
51.2778
42.13384
41.69744
35.19186
35.11704
41.48578
44.29899
47.53409
43.31585
37.84681
39.06669
37.69325
35.06197
30.17188
32.543
33.41696
35.02477
29.4462
24.61711
28.23058
31.10238
27.39007
31.63452
28.46319
30.54854
33.36502
29.91192
30.00071
30.57793
31.46112
35.69192
42.12072
41.12114
45.41523
40.32002
35.63538
35.10464
29.78523
29.29002
30.63201
27.31118
29.73898
30.79039
28.39037
28.93825
33.281
41.12267
43.21651
41.63552
47.47176
41.05986
41.4645
42.0845
42.80596
49.3181
43.42396
45.74261
56.66759
51.74956
49.29117
46.85396
40.495
47.47878
53.27435
45.035
33.89948
32.23454
27.58794
27.21296
29.40067
25.93369
25.62145
28.57388
26.06749
31.06411
29.82181
23.79663
28.09546
25.11897
25.74862
31.74221
34.48418
30.81987
31.04549
30.57251
32.57849
33.46193
34.76939
42.31896
45.32586
42.45204
36.15738
45.52122
42.87856
36.8621
36.84537
35.23798
36.29949
42.61534
46.89924
48.41523
56.04654
52.77111
51.64307
45.69553
40.66372
44.68188
51.06494
51.15769
60.82959
53.55668
44.89918
38.17205
32.32785
34.49944
35.43704
31.5776
32.9501
31.21979
28.72661
31.61333
33.02504
28.69391
32.55135
32.22683
37.71595
36.77183
35.9434
27.38837
27.86573
29.76602
27.92168
23.48484
27.69241
33.62282
36.08952
38.43073
32.60949
38.56404
39.13994
31.90591
31.75529
30.1785
28.29968
32.72448
38.22394
29.71441
34.49951
35.10861
31.58331
40.6829
41.12822
42.71861
42.03123
47.2985
37.7333
39.45211
37.82227
35.31327
38.66631
44.01913
42.15617
33.8733
38.99013
35.27568
34.22915
28.44134
29.37203
26.22223
24.1248
29.53561
27.97873
27.54292
24.13453
28.30245
26.53189
28.87173
32.17324
33.78909
34.01076
34.67971
30.76848
30.48439
38.69303
29.61717
26.88943
31.76342
45.71207
40.08607
39.34775
38.4416
33.27694
29.49207
27.9214
28.16243
29.21213
26.353
30.70097
34.0169
28.91161
28.13775
31.0869
30.56192
32.00101
34.77711
30.02538
32.2887
35.14345
30.40126
30.4793
27.22541
29.26324
30.99682
33.49775
35.05112
34.95933
44.59131
44.4087
35.07345
39.92476
37.37908
37.54687
39.85028
39.62316
33.76812
32.08703
33.70348
34.08068
38.24616
35.81113
34.96865
41.82739
41.57046
36.67424
33.83216
37.96272
34.14849
33.03665
31.44036
36.40219
35.33764
31.9271
29.44821
29.60782
41.44743
36.60924
35.95247
34.11553
35.48115
32.31346
34.5509
35.31636
38.00941
42.17085
45.60787
43.87447
47.55169
54.10704
44.97364
40.48168
38.42463
42.82184
39.5403
46.05117
49.46783
40.93728
39.2586
44.98398
40.68632
42.65749
46.31225
53.4892
51.36762
50.71378
55.09366
50.15672
55.39065
47.61102
48.82113
37.49418
38.54474
35.24827
36.38851
32.24565
32.56948
33.82572
36.99912
31.20176
39.07728
36.79241
32.97744
29.19785
32.47205
30.91897
31.52088
32.90845
31.55346
31.27712
30.51771
35.8311
36.74727
41.87884
41.18044
39.95537
36.59479
40.52743
38.37792
40.82882
33.65096
39.06065
32.38456
31.75672
29.57861
29.55333
23.89147
23.39027
25.68637
25.43426
25.54879
28.7507
31.69305
27.46421
35.12789
35.2469
29.23942
30.28829
33.05433
31.88995
33.14236
28.19929
26.46115
20.95731
21.37575
19.97972
19.37825
24.57556
26.4139
26.75937
26.8047
27.59689
23.20619
22.54654
24.19151
25.82715
29.11188
24.24102
24.60388
22.57011
22.43296
22.21853
22.15226
23.08188
20.96875
21.90073
19.55187
21.76774
22.26991
21.97493
24.74581
23.15934
26.37613
25.93293
24.86568
20.01638
19.88406
17.53264
19.17118
15.14936
19.18778
19.76999
22.36902
22.96248
20.23885
20.98729
21.89103
24.97891
24.79723
21.45928
26.39934
22.01462
20.7848
24.0302
25.14025
22.24117
22.38648
23.85929
26.17103
29.30274
26.8457
28.88545
33.59443
31.79571
31.06782
25.90301
26.76165
25.17102
29.09214
38.7371
37.93069
41.10487
34.70692
35.40036
34.98541
38.9173
43.81751
41.59856
55.6261
51.3932
53.34058
51.3347
45.40942
60.58261
50.78834
58.11685
61.75166
67.93825
72.53469
72.47335
71.39482
69.77301
61.73631
76.59722
59.18232
60.50425
51.43018
48.47518
49.16438
52.50919
62.42487
59.40392
58.22856
53.23229
52.11243
46.70895
47.47901
45.9381
46.32431
46.67824
41.65313
39.73102
37.73861
30.7963
29.39874
29.09084
35.79539
38.39919
42.90005
36.28281
38.20658
40.29629
38.4603
34.41742
34.62337
31.92521
28.21578
27.88917
29.45494
26.49675
26.6324
33.48601
28.57085
26.20295
28.68582
26.44948
22.97761
21.60347
27.10011
26.94725
30.66918
24.86267
22.10663
22.20613
20.8312
25.77573
27.34178
27.73328
28.83271
33.21637
32.10221
31.32209
31.12655
27.63909
28.56238
29.17614
26.07479
18.86923
17.4199
18.15194
18.25285
21.67802
21.23306
23.06733
25.94018
32.11252
27.2647
30.00327
24.74457
23.99123
23.09683
21.05204
19.28262
17.9624
21.72506
20.5155
26.27665
22.67071
23.76673
18.99668
18.22502
17.37034
24.28828
17.19583
18.24104
17.49065
17.44503
16.36397
13.82796
14.01131
14.01671
16.17221
17.62278
15.38505
14.45825
15.99973
15.62549
13.65946
14.99199
14.73039
14.80831
16.29034
14.17463
14.88768
13.75513
13.7206
14.20866
13.50289
12.50943
12.28454
14.71469
17.6635
15.53961
19.63057
17.67825
17.69397
19.07176
21.52752
24.88109
23.42824
24.53086
23.60298
25.73258
24.91362
23.71948
23.87097
21.87817
20.21263
18.76732
21.1146
22.1677
19.64356
21.11517
22.03379
20.45375
21.96312
22.71203
25.4306
23.74674
26.89291
24.27168
26.87089
27.98857
31.5393
31.17034
30.10251
26.89392
32.47078
29.11554
26.68788
28.54486
22.451
21.01583
28.03762
29.19323
32.93404
37.03547
34.867
39.01351
37.76226
39.16952
39.72525
40.74256
32.25008
38.79504
36.83371
34.18016
34.27314
36.95264
38.44504
37.89833
36.43068
40.54495
43.67487
46.90955
50.37532
46.11884
39.80092
48.99504
43.08479
44.95008
40.37516
38.2146
35.0952
31.43572
38.0417
36.23645
32.5575
34.9882
36.88161
43.0973
42.35239
36.68018
37.04031
45.52221
46.22578
37.29438
41.49026
44.80814
49.62916
49.69931
45.33488
49.77162
64.13571
62.96599
54.62826
57.76798
59.38554
59.85978
72.29896
69.06105
73.52425
68.47663
60.55754
58.245
56.97057
48.54589
41.43918
45.23564
43.96412
40.50343
44.12603
35.70988
35.8514
34.05414
29.58478
31.95564
34.92467
36.63858
36.67116
37.01121
36.44767
37.38909
34.51057
29.47235
36.14538
29.64
29.19584
32.29734
28.87364
32.30888
33.3518
33.4427
40.82943
39.91149
52.08401
59.52816
53.29814
61.23342
65.86973
60.73791
67.01711
64.04669
63.24068
59.95554
66.37123
60.6565
55.89894
62.95175
56.48973
68.37885
65.99814
48.43138
53.27938
62.01753
50.3813
52.25307
52.23578
55.18126
49.34118
43.8786
46.03142
37.89342
38.10229
42.95676
48.17334
54.47229
62.37535
64.38214
58.97964
54.66366
45.05928
47.18729
47.87588
46.82229
51.14159
48.58147
45.91675
42.36125
36.55491
41.70537
46.13905
46.83934
48.60901
49.25582
48.24862
51.3782
57.57028
63.12399
63.45831
56.72506
49.08297
56.07429
49.79023
51.54755
58.00712
65.36738
66.44958
88.06809
75.07666
62.91678
68.59312
81.28354
73.91894
80.96207
76.92177
82.91556
75.17116
72.76834
83.79489
76.60176
76.28297
83.69477
66.54202
63.65995
55.56966
48.57381
51.73088
46.74686
44.9872
37.78786
42.74079
41.25775
47.23395
42.70365
40.22048
42.78529
47.15433
45.55413
40.3321
44.19754
44.32376
40.99925
40.60683
38.81749
34.43877
33.14283
36.13667
40.17958
40.45912
45.31703
43.79575
30.72271
37.37797
31.63913
31.12864
31.17529
29.60802
30.37044
30.74903
30.22693
29.84541
33.66786
39.05255
43.8875
39.16701
37.19587
39.32068
36.77466
46.48694
40.71001
50.52386
56.78569
48.75925
46.75172
52.4975
51.21412
45.06614
45.42096
47.16796
53.32516
46.52916
49.95459
41.13267
46.67644
45.37758
38.50972
40.10871
39.61868
36.21103
32.76091
35.77941
30.52704
27.20184
24.79278
27.84407
28.23615
32.92382
33.04008
29.97277
36.07248
32.71814
28.39241
30.36036
31.6342
30.65906
30.85153
36.34148
34.96174
36.59976
32.83505
36.31871
36.81704
30.95128
29.78267
27.29185
30.76151
28.58127
31.79955
37.38577
33.58851
31.71699
32.76105
35.83305
36.22739
40.28072
40.71801
44.18737
40.50436
42.22126
44.51949
42.8424
43.22927
45.56029
35.34069
40.29246
40.11489
38.80042
40.73593
39.93478
39.63362
42.5365
41.15144
39.48883
35.54751
34.25687
34.20245
33.89037
35.68618
30.67707
34.08353
33.95904
36.09176
36.421
45.14738
36.11793
34.03575
42.77014
40.25493
34.71395
34.23937
35.52403
33.92397
36.86537
40.06395
38.24299
47.22606
36.304
42.24823
42.08229
42.23292
43.66838
47.34786
48.3539
55.58634
52.27086
42.59254
40.10103
48.03753
51.35276
48.23817
50.93967
47.10625
42.84086
36.73092
33.70805
34.9955
34.69668
33.0845
34.85456
27.77589
25.7983
24.61549
23.32109
27.93141
34.22542
32.76347
31.20386
37.5371
35.96868
42.51361
44.05308
36.96784
46.37933
38.8144
34.25583
39.23543
32.48256
31.87314
34.38393
31.14697
31.26741
31.87952
30.96131
32.87281
33.00197
30.94322
30.13622
28.18096
29.0041
32.80264
31.91622
30.67684
31.88014
29.3678
26.46338
24.59718
20.22795
20.65316
22.32095
28.54336
33.12462
31.50959
29.32425
30.31254
30.98801
30.88302
26.54838
26.55578
27.86996
33.98321
33.84571
36.19323
30.82517
30.41702
33.76568
32.63745
30.58082
32.7532
38.61866
43.30238
42.19538
42.96951
47.66134
49.87769
48.76603
47.88138
48.06971
50.63099
54.27277
50.6071
43.67013
46.86498
52.62702
50.2071
42.40846
47.23889
39.67745
36.05461
42.81276
41.9602
45.25709
43.13778
45.31017
46.21026
48.49316
39.47445
35.17785
36.78642
39.02793
38.73777
44.06326
37.44748
37.86573
35.31282
35.94261
36.7086
37.06983
37.13578
36.34431
37.29
33.9372
39.50303
39.66225
36.04504
33.72509
33.95178
32.11343
36.34841
33.28984
31.91296
37.61271
43.09126
39.1585
41.98637
38.64386
42.03853
46.998
46.7658
49.32466
52.89564
55.76759
49.54453
47.6014
50.39901
52.23749
50.82697
45.9045
38.12556
40.36595
51.19286
43.96923
43.75548
52.82357
44.76222
44.34175
48.87508
46.75585
50.16361
48.37004
42.74088
40.52521
37.36201
44.178
39.21085
43.82083
46.25331
48.11447
45.38915
46.81949
59.20447
52.36024
46.68304
46.39058
49.70879
48.39322
39.88371
41.21152
47.3953
52.86453
59.66656
67.06667
68.8177
49.52421
53.72903
49.55322
53.06625
48.37411
42.8797
39.43175
35.30544
38.55153
31.69852
34.2759
34.80404
30.42536
24.80433
23.34649
24.04586
22.75179
22.48254
19.05701
23.24069
24.51946
26.83903
24.91832
21.64501
24.46655
20.26291
19.32683
22.61802
20.94284
22.88904
22.43581
21.18072
24.75275
24.68122
27.19474
28.66773
27.69137
26.32968
26.29969
29.94236
27.71871
31.68942
31.42443
30.41788
37.48375
43.01597
45.78776
50.14351
54.45556
50.33667
47.48243
46.29959
44.81811
43.86415
43.89194
41.27455
53.21263
55.0606
42.66317
44.98306
45.16218
48.49347
53.32658
50.98298
49.85159
42.6217
34.73462
34.34889
36.11795
33.53618
30.1905
27.32191
27.24469
30.74777
28.57932
28.34212
25.22403
24.87817
27.7215
27.39595
26.94677
32.36765
29.79552
32.08623
31.22513
36.38263
42.70411
35.29597
34.27524
34.30259
34.16359
39.12054
42.54961
40.34535
46.20682
54.91619
55.5117
53.43268
49.02261
45.57565
41.27314
36.00246
34.80094
37.58473
39.44999
41.94113
45.9323
41.174
41.28769
45.21928
44.14731
49.44211
46.09546
47.4527
45.21702
46.96287
48.70983
72.42912
53.28115
55.68716
50.66497
47.97828
41.17098
41.92801
33.28823
37.35656
40.57726
34.94614
34.33581
37.88385
40.84121
36.25653
32.8299
32.54726
29.6886
26.42331
26.75292
29.21422
28.22013
29.62536
34.24772
29.18838
25.58861
29.47401
34.77478
34.56521
33.22512
38.12179
30.59622
32.32142
32.00142
30.36547
25.80383
27.52995
28.44358
31.99774
35.09899
37.53622
43.4556
49.5014
57.50536
65.12961
55.49986
65.01699
77.70909
71.29493
70.56462
71.33342
64.45012
66.44569
66.19232
75.22398
68.26234
73.84411
77.25244
68.48722
62.65975
57.0362
60.93892
60.0236
60.49438
57.78968
55.31982
56.96718
59.99049
59.58327
56.48707
51.66717
53.61371
47.17627
48.45332
51.33638
58.16634
63.0835
51.88443
49.69284
49.45348
45.5298
45.12625
41.31681
50.011
47.65452
46.18387
42.53407
54.91948
50.78138
53.27126
51.36692
40.19604
39.48787
39.50166
34.62731
32.30739
33.29737
36.9437
39.9403
33.99783
36.30711
40.91048
36.76913
31.90037
33.90457
35.51231
36.02144
36.05644
38.23238
44.28974
44.21035
40.47413
34.39818
38.72798
39.62231
34.29897
32.93845
29.84198
33.28272
36.95604
38.64346
38.19458
35.95573
37.84639
35.94217
31.07471
31.5319
32.08233
33.11774
35.58354
35.62813
34.95103
30.43582
31.04347
31.22215
36.99859
39.32961
46.03722
44.96085
39.44401
40.99109
35.39757
32.2762
30.34564
25.5353
24.33863
28.21526
