0.6615924
0.52325
0.4157064
0.3712453
0.3787926
0.4435797
0.3218041
0.3112017
0.280645
0.3004193
0.331376
0.3180196
0.3452156
0.3923843
0.4837252
0.4516111
0.3382533
0.3822937
0.468167
0.3884929
0.348862
0.2335308
0.2137073
0.1908696
0.1781063
0.1720499
0.190146
0.1772683
0.2023367
0.1970691
0.2200815
0.1957995
0.1564674
0.1719182
0.1864478
0.1555637
0.1790034
0.1626931
0.1637619
0.1508012
0.1062929
0.1115619
0.1124707
0.1884349
0.1967446
0.2153041
0.1764331
0.2548564
0.1722055
0.1684986
0.1655335
0.1789621
0.1513768
0.1420748
0.1323463
0.1370441
0.1681792
0.1124693
0.1233718
0.1499107
0.1462212
0.1544648
0.1415808
0.1307562
0.1065054
0.1195705
0.1267569
0.13746
0.1314878
0.1126763
0.1074747
0.1141072
0.09273988
0.08277081
0.07307689
0.079714
0.07268576
0.1035949
0.1121968
0.1259965
0.1254687
0.1208299
0.1150793
0.08808863
0.0974709
0.08848428
0.06691607
0.05954256
0.04168148
0.04971077
0.06601128
0.09443417
0.1086583
0.1210526
0.1492797
0.1696364
0.2143898
0.2062219
0.2045068
0.1789543
0.1920887
0.1693318
0.1246789
0.09467438
0.08500508
0.1049878
0.09765204
0.0993838
0.1133405
0.1057268
0.0891961
0.08988239
0.09789437
0.1081817
0.1677542
0.1415913
0.1374414
0.1207677
0.1173512
0.1095674
0.08779885
0.09880984
0.08762585
0.07840468
0.07048021
0.07191765
0.07073239
0.0831072
0.06812129
0.07507827
0.06301572
0.06587674
0.09222674
0.07792758
0.07465332
0.06427682
0.07957676
0.07413953
0.07222783
0.07977764
0.07495745
0.07407015
0.06442705
0.06643419
0.06998139
0.0596817
0.06611709
0.0622961
0.05283376
0.05264014
0.04862201
0.05465479
0.06463466
0.06078949
0.05525029
0.06412205
0.06233477
0.05529469
0.04408298
0.04512276
0.03713391
0.04301646
0.04983054
0.04041962
0.04820025
0.07016442
0.06709773
0.06893322
0.08246278
0.06647303
0.06890899
0.06471186
0.06708203
0.07869394
0.07664833
0.08188023
0.09836544
0.08270698
0.09484904
0.1312496
0.1307332
0.1206946
0.1294178
0.1467431
0.1270763
0.1192894
0.1069591
0.1187182
0.1121081
0.08680336
0.09236533
0.1049453
0.1012059
0.08536989
0.1070721
0.1021295
0.1098942
0.1268298
0.1108514
0.1015105
0.07706971
0.0977121
0.1098195
0.09272842
0.1050168
0.08655671
0.09925563
0.08937955
0.1037186
0.09049355
0.1017172
0.09527938
0.09871283
0.1005961
0.08868099
0.1056895
0.1239482
0.130276
0.1054722
0.1053712
0.100074
0.1320126
0.1401679
0.1606466
0.1371915
0.1418453
0.1107851
0.1120078
0.1262726
0.09994084
0.09895299
0.1121574
0.1246171
0.1214229
0.1492186
0.1168493
0.1309065
0.1515251
0.1367781
0.1622643
0.1629163
0.1346917
0.140826
0.1690226
0.1833911
0.2160465
0.2138187
0.1985075
0.2032748
0.2222471
0.2036689
0.2305781
0.2059435
0.1688775
0.1925471
0.23464
0.2841633
0.2476436
0.200462
0.1908225
0.1789811
0.1977669
0.2402382
0.2508821
0.3053007
0.2831601
0.2242719
0.2063223
0.204494
0.1933226
0.2092372
0.2536502
0.2862763
0.3551627
0.3250151
0.2629276
0.317233
0.458516
0.3924507
0.3176806
0.358374
0.3584108
0.3836598
0.3235285
0.3530677
0.3973674
0.3822284
0.4064546
0.4564956
0.5222205
0.3791029
0.267672
0.2990353
0.2914438
0.3034696
0.3200972
0.2974026
0.2446514
0.2850898
0.2706795
0.3294822
0.3349139
0.2996179
0.3186566
0.4124524
0.2860745
0.2614519
0.1708513
0.1681521
0.1438591
0.1703818
0.1562042
0.1469664
0.1627411
0.1560255
0.1732793
0.1599888
0.1566998
0.1948746
0.1711675
0.2068405
0.1901528
0.2103615
0.2250546
0.1745268
0.2375239
0.3086692
0.3754753
0.3930666
0.3444615
0.4100577
0.4106356
0.3865679
0.4397177
0.4142243
0.5125408
0.3877095
0.3839819
0.510522
0.4056184
0.431954
0.5302249
0.4826073
0.4939473
0.5253251
0.4975271
0.4074687
0.4346857
0.3909883
0.4412066
0.3647334
0.3772629
0.4331301
0.4615553
0.4445793
0.401448
0.3491004
0.3044384
0.2594787
0.2250117
0.228576
0.2504315
0.2460129
0.1916828
0.2305778
0.2150096
0.1991755
0.2434442
0.2454435
0.2380441
0.2515886
0.2415998
0.2820022
0.2395455
0.2112672
0.2565366
0.3125244
0.2919195
0.2513506
0.2832725
0.280746
0.2819341
0.2691199
0.3117088
0.323137
0.2890411
0.3578059
0.3171013
0.3306769
0.303016
0.2967441
0.3516673
0.351535
0.2650205
0.263784
0.2482769
0.2660808
0.2394576
0.2510551
0.2466078
0.3015476
0.2692916
0.2246291
0.2944338
0.3147742
0.3333915
0.3825422
0.3533511
0.3401111
0.3651361
0.3338708
0.3558042
0.3612836
0.3836665
0.2850541
0.2637182
0.230814
0.257602
0.209995
0.2023679
0.1797693
0.1700869
0.1643016
0.1563534
0.1360107
0.1255595
0.1570471
0.1314624
0.1565698
0.1682689
0.1799984
0.1769997
0.1665174
0.1604157
0.1508895
0.1616257
0.2130597
0.1874841
0.1700912
0.1698855
0.1519994
0.1448712
0.1515889
0.1473147
0.1456313
0.1480346
0.1305418
0.1299808
0.1388344
0.1553265
0.2172006
0.2289217
0.2490683
0.2251545
0.1977813
0.1623373
0.1653539
0.1658772
0.1930672
0.2365858
0.1934436
0.1751914
0.179662
0.2035492
0.1702329
0.1783703
0.1727688
0.2124697
0.2344495
0.2482067
0.2216794
0.2544877
0.2694855
0.2541765
0.2496475
0.2044727
0.1815841
0.1491522
0.20624
0.2925329
0.3025262
0.357319
0.4255805
0.3554013
0.381832
0.3564709
0.399043
0.3846059
0.487275
0.6088545
0.4813789
0.5288294
0.5839797
0.4702412
0.5586007
0.5402188
0.4932152
0.5810519
0.5263608
0.5193019
0.4819545
0.5543894
0.5679839
0.6211919
0.5739571
0.4471501
0.4203363
0.4016264
0.3501203
0.2911819
0.2787976
0.2592818
0.3627922
0.3323674
0.2613893
0.4012401
0.4757632
0.4637914
0.3542489
0.3476558
0.3961515
0.3824782
0.4061104
0.4463029
0.5441048
0.5931448
0.5893569
0.5327521
0.596499
0.4749412
0.3613422
0.2944505
0.3196409
0.2536723
0.255707
0.2428542
0.2293124
0.169734
0.1277553
0.1079969
0.1393407
0.1722693
0.1767347
0.1791482
0.1811342
0.1603612
0.1302207
0.1418374
0.156913
0.1639806
0.1558741
0.1700282
0.1758311
0.1579565
0.1956857
0.1568313
0.168038
0.1388803
0.1697274
0.1308384
0.1634527
0.1462257
0.1626902
0.1838794
0.1989821
0.2393141
0.2497734
0.2602828
0.2236618
0.3384669
0.3120124
0.3555446
0.3178821
0.2836987
0.2223243
0.2428962
0.2543091
0.2498494
0.2485807
0.2270444
0.2442451
0.2207588
0.239354
0.281525
0.2388964
0.256334
0.2578798
0.2397686
0.2111364
0.2697841
0.2256661
0.2091239
0.195841
0.2450618
0.279207
0.3193707
0.2837806
0.2845765
0.3050456
0.3324886
0.3629151
0.3837747
0.3879288
0.4645996
0.5315034
0.5536377
0.5445937
0.5955358
0.654772
0.7511023
0.8296832
0.6786989
0.5106227
0.5053833
0.5983709
0.5958964
0.6148135
0.584433
0.5846724
0.6495549
0.6500303
0.7306727
0.5981866
0.4930258
0.479993
0.4921403
0.5063987
0.4443905
0.4561637
0.5357563
0.7200053
0.936925
0.8451886
0.8246247
1.031353
0.9687492
0.7809512
0.8120922
0.6983622
0.8090855
0.8363342
0.8625179
0.7902216
0.8116175
0.809314
0.7690334
0.6885912
0.5947423
0.6328662
0.6880958
0.7572088
0.565302
0.575562
0.6898378
0.812426
0.7185948
0.9611428
1.088553
1.157812
1.000454
0.9015084
0.8637601
0.8510567
0.9942252
0.7512375
0.7261638
0.9548521
0.9235328
0.8462946
0.816781
0.8180731
0.807045
0.7589934
0.6506708
0.6980091
0.8189456
1.122546
0.7542596
0.5893525
0.5762733
0.59712
0.4866629
0.5405102
0.4428246
0.4436681
0.4543559
0.4196989
0.3984159
0.3875447
0.3929459
0.3525667
0.3647898
0.320868
0.2894069
0.2837607
0.2415743
0.2250443
0.2546772
0.3173316
0.3941242
0.3528998
0.4326201
0.4298403
0.3406892
0.3001491
0.3702706
0.3151705
0.3279617
0.2641223
0.2544542
0.2986431
0.267317
0.251896
0.2483268
0.2339138
0.1830922
0.1793745
0.1728586
0.2489836
0.2824458
0.2513942
0.2181703
0.203555
0.2465116
0.2980545
0.2831986
0.3596304
0.2761158
0.2099855
0.2192076
0.2350563
0.2340014
0.2519212
0.2352416
0.2615456
0.2933862
0.3350373
0.2776969
0.3103917
0.2934658
0.2307992
0.2197004
0.2187331
0.2896604
0.2826177
0.2443353
0.2039978
0.2146982
0.1785125
0.2169299
0.1904771
0.2380814
0.3144976
0.2064039
0.208546
0.1855926
0.1755903
0.2542176
0.2757624
0.2140208
0.2102008
0.251041
0.3207737
0.269512
0.3098231
0.2442521
0.2500001
0.2330798
0.2039462
0.2024326
0.1935258
0.1887318
0.2274455
0.1996273
0.1716272
0.1871322
0.203944
0.20117
0.2310466
0.1600528
0.1395336
0.1668051
0.1577095
0.1872573
0.1864248
0.2225966
0.195092
0.2407269
0.2393114
0.2565551
0.2936414
0.2675109
0.3747643
0.2945522
0.2959145
0.4402406
0.4330553
0.3722931
0.2880153
0.2965244
0.3360361
0.3536975
0.3541762
0.3509118
0.3841612
0.3873472
0.4849489
0.7458536
0.5163871
0.7312525
0.646721
0.5146608
0.6859691
0.5304872
0.5607655
0.6842287
0.7101092
0.6748706
0.6364819
0.6961317
0.6238458
0.6110563
0.6654381
0.6426777
0.6454159
0.6167565
0.6179299
0.7379952
0.5269628
0.3952959
0.4534113
0.4609813
0.4375623
0.4730267
0.4903886
0.72832
0.6579601
0.7232494
0.6580162
0.5441005
0.748317
0.5414573
0.5988532
0.7496578
0.7794949
0.6514531
0.7720653
0.6863742
0.7675565
0.8042005
0.7085627
0.7872361
0.6828989
0.8813047
0.8848171
0.8824101
0.8190895
0.7896828
0.7138343
0.5764633
0.4855949
0.6148305
0.402203
0.3919947
0.3594117
0.4787877
0.5333842
0.4768949
0.5032827
0.4675206
0.5000373
0.4804554
0.5989516
0.5786926
0.5491277
0.6716503
0.7660136
0.67911
0.6298198
0.6098323
0.6268912
0.6701952
0.779067
0.9119092
0.9182421
0.9595185
0.882561
1.126444
1.137459
1.010016
0.8412613
0.7400161
0.6292944
0.84187
0.7230106
0.69335
0.6405132
0.7683189
0.8115507
0.8168811
0.8553441
0.6545724
0.5121474
0.5212156
0.454422
0.4097437
0.527256
0.5016171
0.5549937
0.4998797
0.5175262
0.4489953
0.4103247
0.454811
0.3991434
0.3877915
0.3043939
0.3106953
0.2994719
0.2840081
0.2959906
0.2837723
0.2842661
0.2907605
0.3549913
0.3810113
0.4076735
0.3346058
0.3168783
0.3093003
0.2741131
0.2715392
0.2582729
0.3017
0.321105
0.296886
0.2743076
0.3947598
0.4655083
0.3267621
0.2620979
0.264758
0.2273663
0.2668521
0.3050281
0.4040931
0.2714184
0.2593664
0.2483377
0.2225661
0.1859618
0.1849435
0.2348154
0.2418817
0.2213552
0.1981376
0.2173114
0.174798
0.1782088
0.186932
0.2762253
0.2879428
0.3506301
0.3403083
0.3362778
0.3528209
0.4397757
0.4231137
0.4567491
0.3959094
0.3469121
0.2701737
0.297164
0.3168017
0.2942044
0.2236443
0.1569378
0.1897235
0.1610613
0.1746076
0.1864218
0.1864685
0.1526209
0.1604279
0.1806298
0.1310945
0.1455959
0.1153204
0.09899496
0.08052225
0.07151537
0.08212507
0.0898354
0.09189209
0.07972284
0.07124307
0.06599388
0.06296968
0.06350638
0.06825219
0.06019858
0.06518905
0.07713437
0.1148071
0.1302212
0.1281604
0.1296941
0.1307306
0.1270625
0.09790971
0.1205693
0.1108346
0.09341191
0.07601449
0.07415867
0.06663884
0.06469038
0.05176376
0.05146403
0.05681871
0.05412003
0.05715008
0.05593065
0.04802464
0.04881075
0.05462103
0.0568147
0.06819763
0.07853018
0.07126523
0.06230107
0.06614953
0.05643657
0.05943144
0.05026939
0.06389271
0.06182893
0.05038228
0.05734634
0.0485795
0.04281992
0.04052929
0.03776656
0.03366912
0.03286695
0.03349575
0.0322689
0.02904514
0.0324874
0.03334468
0.0258377
0.02767132
0.03257597
0.03495287
0.05202883
0.04877904
0.04565946
0.06323722
0.06382344
0.08913172
0.100857
0.1089889
0.117992
0.1214456
0.1831158
0.1731091
0.1437543
0.1568101
0.1443444
0.175403
0.1673054
0.1783701
0.1745773
0.1627352
0.1951382
0.2003189
0.1591305
0.1876989
0.1602841
0.2030798
0.1892729
0.1689646
0.1473301
0.1291688
0.1244646
0.09564551
0.1070758
0.1159618
0.09589073
0.1068642
0.09507519
0.1106525
0.1403966
0.1557901
0.1815418
0.1678919
0.1888263
0.1983224
0.2201283
0.2128363
0.2236429
0.2405444
0.2123067
0.2361901
0.2333245
0.2290946
0.2243394
0.2507633
0.2150935
0.2396899
0.2428464
0.25225
0.3132101
0.2872736
0.2981121
0.3178274
0.3243665
0.2959001
0.2721
0.2281479
0.1859071
0.2128914
0.1631562
0.1866369
0.1725168
0.1390467
0.1871326
0.1788199
0.1538835
0.155411
0.1561726
0.1746938
0.1757208
0.1846689
0.2005665
0.2035026
0.2815904
0.2641896
0.3177411
0.2866514
0.2474577
0.1658565
0.1838261
0.1520135
0.1685412
0.145127
0.1778263
0.1949875
0.1606671
0.1314404
0.123863
0.1378731
0.1547174
0.1745864
0.1830944
0.1616327
0.1643122
0.1742614
0.1616127
0.189894
0.1662922
0.1664055
0.1862253
0.1586467
0.1298275
0.148469
0.1596959
0.1566193
0.177745
0.1910785
0.2064193
0.1784852
0.119986
0.1216835
0.1200103
0.122784
0.1167234
0.1072004
0.08663934
0.0937107
0.08470953
0.07958653
0.07272298
0.08614152
0.07160113
0.05945173
0.06010883
0.0674539
0.06067622
0.06481181
0.07038189
0.07494353
0.07284681
0.08067449
0.07381409
0.1017857
0.09715253
0.07818519
0.07930137
0.0679819
0.07819204
0.07666978
0.06353255
0.07874194
0.05673592
0.07966119
0.05600901
0.0552919
0.05749522
0.06038946
0.04911219
0.05330425
0.04508247
0.04448138
0.04246076
0.04903977
0.04284269
0.04698954
0.04329773
0.04096451
0.04205334
0.0349567
0.02589328
0.02736304
0.02867087
0.03100565
0.03154363
0.02496622
0.02535264
0.02519641
0.02127153
0.01862914
0.0190232
0.0163551
0.01810925
0.02047147
0.01947297
0.01841468
0.01508263
0.0194695
0.01994254
0.01861982
0.02070899
0.02417846
0.02806701
0.02542108
0.03454671
0.03852393
0.03179537
0.0316916
0.03327851
0.03178805
0.03630084
0.03682877
0.0381489
0.03520396
0.03522106
0.03164297
0.0297453
0.03322032
0.03907471
0.03957119
0.04946997
0.05729692
0.05003593
0.05441579
0.04969481
0.04265991
0.05586231
0.05954556
0.06060008
0.05365789
0.052902
0.04105673
0.03712202
0.03712108
0.03350037
0.03526952
0.0346165
0.04074962
0.0447381
0.04579655
0.03917149
0.04580674
0.04488645
0.04820899
0.04836817
0.05318982
0.05927581
0.06348366
0.07848227
0.06773074
0.07612148
0.08671814
0.1261981
0.1229233
0.1251099
0.1433807
0.1560266
0.1682163
0.1624365
0.2003463
0.2129362
0.1893126
0.1684423
0.1804115
0.1190958
0.1099438
0.0921619
0.0866566
0.09463875
0.09020274
0.08840548
0.08882103
0.09255755
0.07650477
0.08096574
0.08018709
0.0660972
0.07681297
0.08819228
0.06842826
0.05973816
0.0605296
0.06385927
0.07794092
0.07106293
0.06409017
0.07511941
0.07561322
0.06917615
0.06051916
0.06232004
0.05497217
0.05193766
0.04292396
0.04965424
0.04625849
0.0385252
0.04023718
0.04382728
0.04260548
0.03861192
0.04877896
0.03223529
0.02694204
0.02874805
0.02576441
0.02145603
0.02382783
0.02771901
0.02024895
0.02204699
0.02194211
0.02540069
0.0235516
0.01957348
0.02173802
0.02196302
0.01942743
0.01850038
0.01649785
0.01672392
0.0225506
0.02283747
0.01912992
0.02399557
0.02098305
0.02669102
0.02266692
0.01562236
0.01328879
0.01429995
0.01348908
0.01378793
0.01718216
0.02416126
0.0252747
0.02257937
0.02068099
0.01894459
0.02420853
0.02332845
0.01806947
0.01668703
0.02025032
0.01990036
0.02029376
0.02023391
0.02128552
0.01794091
0.01541783
0.01515136
0.01138108
0.01139558
0.01017439
0.009590791
0.009296928
0.01096229
0.01143202
0.01069959
0.01208515
0.01232787
0.0120195
0.01151074
0.01018881
0.01125307
0.01110434
0.01007907
0.01096248
0.008343428
0.007522409
0.007727788
0.008396962
0.008898074
0.006875579
0.006685465
0.006355293
0.006169338
0.007668842
0.006530607
0.005670299
0.005844054
0.005745399
0.006328514
0.005551209
0.005456146
0.005989447
0.005259124
0.003744421
0.003799657
0.004664636
0.004583672
0.004337819
0.003478211
0.003328117
0.00321863
0.002644164
0.003231191
0.003302422
0.003867572
0.004241037
0.00456049
0.004690259
0.004894593
0.007858398
0.007396456
0.00693578
0.007977539
0.007995509
0.00815375
0.009354066
0.009829272
0.008217393
0.009174775
0.009298854
0.008713952
0.009375834
0.008216185
0.008657003
0.01211206
0.01404632
0.0151307
0.01602049
0.01849702
0.02193401
0.01928151
0.02251935
0.01796244
0.01312098
0.01511801
0.01344399
0.01171237
0.01070431
0.01410836
0.01885203
0.02119362
0.01981422
0.01957905
0.02125613
0.02390674
0.02330231
0.02540079
0.03106439
0.03545538
0.04115508
0.04893378
0.04749764
0.05666771
0.06370641
0.05104803
0.04460638
0.05231708
0.0519982
0.05141256
0.05175543
0.0557716
0.07642213
0.06919129
0.09026489
0.08718304
0.07796708
0.09092147
0.09419895
0.09204043
0.1044224
0.09300376
0.07032803
0.05957765
0.05470886
0.05333321
0.064023
0.06412159
0.0629572
0.0647252
0.06543143
0.06837276
0.08922017
0.1010628
0.09523303
0.07683112
0.08217367
0.0744114
0.07379361
0.0837513
0.06022431
0.0615679
0.06965913
0.0606321
0.06228334
0.06247328
0.0626241
0.05824064
0.04923146
0.04729113
0.05901832
0.07234203
0.07051612
0.07616145
0.06968693
0.06592579
0.06756161
0.0504675
0.04633726
0.05063858
0.04967302
0.06037493
0.05683911
0.06126916
0.0475013
0.04698561
0.04671013
0.05133542
0.04374517
0.04728679
0.04295937
0.04879123
0.04481277
0.05598264
0.08010421
0.06675198
0.0946206
0.07609312
0.06959491
0.05486262
0.05049408
0.04484174
0.05206378
0.0546784
0.06506145
0.06840898
0.07050384
0.0691589
0.09390109
0.08935963
0.06875652
0.05329287
0.06332193
0.06913244
0.07217286
0.06969165
0.06907302
0.0670752
0.06433637
0.06735605
0.06669488
0.0707833
0.06327595
0.066673
0.08059617
0.06812115
0.06181628
0.0802152
0.0752428
0.08356749
0.09967379
0.09666584
0.07239891
0.07342783
0.07891576
0.0808041
0.07079218
0.08444199
0.09721802
0.1024659
0.0943891
0.1186242
0.128373
0.1370856
0.1486739
0.1731152
0.1647159
0.1759624
0.1647046
0.1500856
0.1323364
0.1279343
0.1361402
0.1430388
0.1246639
0.1514222
0.1513254
0.2199798
0.2155815
0.2058757
0.1958233
0.1382516
0.1488264
0.1231324
0.146835
0.1946835
0.1975836
0.2510504
0.2652962
0.2846636
0.2428024
0.2518363
0.2385339
0.3040019
0.3007307
0.2614518
0.2904837
0.2473053
0.2325024
0.2214742
0.2161244
0.1903056
0.2203946
0.2084598
0.188925
0.1883824
0.16414
0.1711249
0.173289
0.1997373
0.2351857
0.2502262
0.3039089
0.2458756
0.2905781
0.3063524
0.2910378
0.3499527
0.2763514
0.2561129
0.3076379
