2.146554
2.027993
1.964995
1.93547
1.692398
1.74641
1.714222
1.545722
1.695587
1.468344
1.365011
1.44391
1.429431
1.361773
1.64908
1.565763
1.514916
1.390412
1.280261
1.323947
1.458221
1.232545
1.399434
1.678627
1.679357
1.514691
1.791158
2.1542
2.248378
2.447427
1.952352
1.921492
2.04391
1.970098
2.16848
2.448178
2.450293
2.522938
2.585984
2.438832
2.200997
2.305726
2.225753
2.261621
2.419902
2.470078
2.631134
2.961063
2.741599
2.97278
2.86059
2.819531
2.984034
2.822408
2.73389
2.50702
2.417915
2.368127
2.266516
2.004011
1.910431
1.994296
1.94069
1.975999
1.635959
1.761782
1.601696
1.362871
1.231492
1.258652
1.217343
1.400169
1.196137
1.261293
1.217325
1.250114
1.266974
1.366312
1.60858
1.513101
1.304959
1.386299
1.395523
1.311426
1.22437
1.338988
1.498446
1.359448
1.690073
1.670632
1.603351
1.693693
1.767849
1.629619
1.651695
1.664685
1.691726
1.308535
1.171928
1.243161
1.349536
1.421182
1.363932
1.355089
1.284294
1.266019
1.206769
1.197356
1.298584
1.411141
1.470794
1.532582
1.50305
1.42366
1.515691
1.442129
1.454135
1.529768
1.447553
1.487663
1.35395
1.196974
1.117797
0.9333117
0.8527746
0.8480699
0.9485428
0.8815014
1.080252
1.14771
0.9942216
0.938222
0.913073
1.035098
1.16659
1.219882
1.240077
1.284347
1.34096
1.422031
1.235511
1.292862
1.317214
1.390568
1.472005
1.35696
1.244101
1.195728
1.105748
1.054249
1.122325
1.273326
1.289637
1.476212
1.412836
1.324388
1.45201
1.184953
1.079946
1.152362
1.131761
1.154607
1.18953
1.182376
1.084082
1.024623
1.021034
1.131218
1.047546
1.045017
0.9915891
0.9518323
0.9450063
0.9424264
0.9467315
0.9752914
0.9268781
0.9840439
0.9952142
1.05734
1.029406
1.068454
1.098944
1.073449
1.154888
1.168253
1.197286
1.201982
1.352479
1.383243
1.181375
1.272898
1.335791
1.292242
1.44187
1.398326
1.392453
1.520867
1.282072
1.208385
1.22937
1.337297
1.313092
1.256424
1.242505
1.221579
1.225508
1.40718
1.498406
1.720029
1.526503
1.556287
1.561963
1.855484
1.62788
1.658226
1.490817
1.392564
1.304591
1.385012
1.471482
1.459196
1.620574
1.620745
1.4214
1.582385
1.525641
1.376582
1.368607
1.299647
1.32736
1.257588
1.157297
1.187696
1.105487
1.063776
1.233497
1.26583
1.309506
1.356195
1.506421
1.486688
1.499933
1.278345
1.308255
1.173161
1.122656
1.0205
1.055629
1.113716
1.238308
1.438394
1.4281
1.585398
1.717267
1.499151
1.554594
1.619252
1.450498
1.402466
1.426209
1.502245
1.40446
1.498831
1.434993
1.450655
1.437444
1.411252
1.3743
1.500256
1.435829
1.537919
1.410458
1.29914
1.352923
1.734177
1.854341
1.673135
1.806492
1.885234
1.904338
1.659548
1.532419
1.543005
1.535667
1.416723
1.583451
1.790363
1.860043
1.699926
1.558737
1.527242
1.54588
1.59824
1.548221
1.657455
1.864186
2.002146
1.801672
2.019881
2.01223
1.713736
1.669765
1.831106
1.940719
1.991005
1.926726
1.871764
2.216606
2.076306
2.199312
2.062428
2.02709
2.178891
2.568729
2.06401
1.929334
2.01583
1.946523
1.68718
1.834318
1.935251
1.588287
1.683951
1.458999
1.552431
1.812516
1.792861
1.789846
1.80602
1.798556
1.955428
2.277432
2.35205
2.18313
2.221927
2.260673
2.109551
2.203073
2.137913
2.306721
2.177086
2.347135
2.540556
2.395626
2.645007
2.668382
2.571796
2.280436
2.104714
2.176893
2.061616
2.124583
2.031252
1.728604
1.698186
1.58689
1.520935
1.597692
1.622904
1.610361
1.634052
1.919078
1.917445
1.873083
1.955211
2.170122
2.090059
2.144268
2.093032
2.281894
2.282075
2.258271
1.818014
2.15118
2.214916
2.052952
1.821761
1.578607
1.645403
1.562242
1.65289
1.647024
1.71133
1.63992
1.335263
1.314128
1.238182
1.17202
1.216164
1.133804
1.279152
1.206046
1.209861
1.177803
1.121472
1.109267
1.203553
1.273966
1.030906
0.9130363
0.8906279
0.783688
0.8445857
0.8086965
0.8856224
0.8641949
0.8868142
0.8229897
0.7690154
0.8510989
0.7492689
0.7441676
0.6782493
0.7953934
0.8133282
0.7564301
0.8910919
0.9442031
0.8999469
0.9295929
1.021196
1.076667
1.06405
1.343527
1.296018
1.403687
1.485313
1.387369
1.518172
1.396962
1.34544
1.245532
1.478265
1.460696
1.769805
1.723799
1.734275
1.621118
1.665285
1.496309
1.621186
1.635816
1.681781
1.685845
1.596025
1.790437
1.872522
1.855214
1.857118
1.875495
1.905486
1.868811
1.673092
1.820597
1.727217
1.609544
1.564414
1.42186
1.501937
1.548626
1.304668
1.173923
1.116269
1.210105
1.279501
1.321826
1.160024
1.364896
1.502266
1.420508
1.411727
1.509453
1.730514
1.506236
1.644252
1.650979
1.575788
1.663664
1.568453
1.475223
1.434794
1.455345
1.366373
1.451841
1.596089
1.545326
1.710365
1.708528
1.622854
1.536759
1.66166
1.620388
1.754644
1.522828
1.526949
1.504281
1.473179
1.772739
1.76754
1.842368
1.677144
1.781543
1.537933
1.47254
1.369178
1.267001
1.288147
1.260287
1.310714
1.247946
1.366936
1.258668
1.303238
1.322925
1.367559
1.483365
1.753933
1.729836
1.702174
1.708988
1.732636
1.825042
1.551285
1.702354
1.708591
1.744899
1.848228
1.870696
1.810112
1.780001
2.116765
2.007842
1.979225
1.99891
1.729531
1.739127
1.922509
1.914559
1.807453
1.863528
2.01321
2.264985
2.00134
2.080476
2.329198
2.181451
2.17323
2.211993
2.279661
2.238051
2.200062
2.17366
2.486361
2.70481
2.427129
2.477943
2.584605
2.236887
2.365746
2.231645
2.016037
2.21639
2.010696
1.864982
1.952402
1.953139
1.907277
2.116738
2.271743
2.008313
1.817997
1.626605
1.468829
1.607924
1.703951
1.925623
1.737536
1.63993
1.768915
1.925254
1.954753
1.815069
1.69609
1.899709
1.933385
2.082723
2.126557
2.245685
2.262766
2.360985
2.194941
2.392349
2.873721
2.881753
2.666607
2.325219
2.467124
2.489373
2.822795
2.541223
2.376161
2.571192
2.750303
2.862023
2.891085
2.402102
2.517882
2.470392
2.785657
2.607137
2.639724
2.777219
2.929975
2.843837
2.484988
2.385111
2.707773
2.934519
3.391189
3.658165
3.239972
3.208197
3.108563
3.24149
3.172455
3.017511
3.113386
2.83247
2.571524
2.55898
2.898737
2.392548
2.390784
2.230592
2.438267
2.2853
2.458312
2.636581
2.548135
2.40013
2.546427
2.619462
2.384835
2.713252
2.684739
3.154456
2.987537
3.055851
3.144018
2.925953
3.149208
2.642273
2.511471
2.358143
2.531843
2.781246
2.710962
2.908162
3.203335
3.542557
3.73665
3.128586
2.912754
2.742916
2.75059
2.525478
2.712724
2.545618
2.705638
2.559992
2.665511
2.809561
3.012195
2.800454
3.250009
3.059614
2.993243
3.146916
2.977874
3.016242
3.132261
3.024374
3.317436
3.094102
2.939411
3.02844
3.157223
3.32945
3.493764
3.395678
3.4041
3.769174
3.78315
4.079868
3.888175
3.338527
3.79274
3.705917
3.146478
3.456254
3.352348
3.501304
3.968207
3.713063
3.540178
3.614719
3.346864
2.990969
3.003842
3.33638
3.391714
3.374956
3.53824
3.868114
4.030246
3.461064
3.075323
3.032781
2.469543
2.841102
3.328057
3.412161
3.168848
3.204574
3.167503
2.805659
3.085792
3.050253
2.571279
2.235742
1.984587
1.987344
2.049903
2.128029
2.046427
2.070129
2.051062
2.060737
2.050412
1.856692
2.198858
2.309877
2.141274
2.12073
2.316624
2.473239
2.346113
2.096738
2.331173
2.239194
1.896416
1.845805
1.892167
1.845048
1.969776
2.071782
1.920012
2.186527
2.362503
2.073037
1.925828
2.309269
2.58326
2.507212
2.197588
2.182363
2.306798
2.249617
2.454095
2.270732
2.38629
2.913337
2.944359
2.849452
2.597849
2.500917
2.473602
2.53029
2.289378
1.838604
2.002252
2.200246
2.020294
1.956994
1.878204
1.863824
1.868999
1.841542
1.894752
1.661681
1.428882
1.406371
1.275052
1.512022
1.594078
1.63617
1.716222
1.681468
1.922407
1.870439
1.97744
1.847452
2.095458
1.875988
2.02862
2.155341
1.938262
1.798652
2.217862
2.170112
2.254483
2.248584
2.240372
2.110321
2.137388
1.824218
2.047301
2.038654
1.657059
1.551077
1.543466
1.647357
1.580201
1.43974
1.390778
1.388708
1.439938
1.666379
1.818498
1.806242
1.730897
1.68956
1.651266
1.688424
1.54162
1.722746
1.722473
1.738188
1.638907
1.657934
1.648693
1.746355
1.942263
1.962001
1.813565
1.690971
1.79865
2.123906
2.241631
1.950705
1.86074
1.835271
1.620245
1.580624
1.523745
1.362256
1.362964
1.296994
1.404276
1.379203
1.370838
1.228
1.184477
1.206312
1.068361
1.062181
1.046962
1.064289
1.122668
1.146861
1.128004
1.028574
1.093957
1.299893
1.309135
1.256194
1.1943
1.074022
1.255641
1.206386
1.114477
0.9829343
0.9497348
1.031714
1.171272
1.243113
1.247191
1.172615
1.145294
1.15855
1.143483
1.255435
1.057897
1.123054
1.200004
1.090616
1.149815
1.209905
1.25454
1.176533
1.215896
1.409305
1.490619
1.575554
1.605462
1.573318
1.706025
1.659798
1.725923
1.71144
1.676953
1.925764
1.725271
1.792063
1.979602
1.74311
1.512129
1.679175
1.678589
1.778142
1.65502
1.85989
2.159541
2.281642
2.680439
2.781667
2.859897
2.935755
2.688034
2.231548
2.136306
2.52879
2.711728
2.42419
2.382609
2.200906
2.433651
2.74196
3.326501
3.332274
3.454996
3.756077
3.43914
3.074669
3.016734
3.031622
2.793873
2.662872
2.528107
2.536381
1.974777
1.692913
1.639514
1.636789
1.706239
1.822361
1.896139
1.849148
1.916988
1.945826
2.122455
2.286862
2.017513
2.006835
1.963934
1.82043
1.983673
1.984329
1.915254
1.663892
1.584446
1.45398
1.653105
1.49859
1.444508
1.349851
1.343728
1.298822
1.306258
1.282911
1.248162
1.162348
1.472113
1.378209
1.5111
1.328797
1.251926
1.341591
1.451448
1.406818
1.502691
1.275032
1.274747
1.303056
1.441484
1.352913
1.37422
1.43994
1.428042
1.496171
1.321189
1.260709
1.174178
1.161139
1.404524
1.393707
1.452672
1.221673
1.181836
1.138702
1.111792
1.246907
1.357682
1.158726
1.231629
1.154239
1.149837
1.28363
1.191891
1.105458
1.068427
1.005728
1.016739
1.050832
1.170493
1.310419
1.446734
1.48613
1.488745
1.336716
1.406208
1.42314
1.347641
1.223546
1.186244
1.129353
1.023271
1.023795
1.04563
1.160079
1.369154
1.261715
1.370708
1.226428
1.413944
1.590907
1.77033
1.994963
1.97685
1.753841
1.833416
1.681734
1.906958
2.080037
2.051073
2.067451
1.97178
1.828019
1.833641
1.758915
1.781708
2.187861
1.945615
1.834613
1.738892
1.733958
1.750938
1.787166
1.477725
1.563122
1.748578
1.846896
1.57827
1.673036
1.538134
1.734809
1.897226
1.956904
1.968786
1.748434
1.640644
1.450975
1.549777
1.479393
1.347272
1.33173
1.380196
1.305225
1.455969
1.341017
1.33633
1.256919
1.175196
1.322516
1.253566
1.326437
1.572555
1.730364
1.891026
2.105711
2.138326
2.152102
2.190494
2.123735
2.063359
2.001102
1.849789
1.897972
1.855766
1.946735
2.069331
2.209958
2.414195
2.4026
2.287487
2.114875
2.050912
2.2666
2.308865
2.294996
2.2085
2.032979
2.110905
1.993471
1.985868
1.833298
1.720789
1.688475
1.945361
2.120966
2.236214
2.17061
2.072412
2.407997
1.995924
2.135191
2.335119
2.658509
2.547587
2.445702
2.364374
2.251957
2.19656
2.333711
2.981717
2.99043
2.881538
2.706068
2.946821
3.206284
3.352932
3.315335
3.135626
3.166696
3.27922
3.343442
3.42545
3.541969
3.307587
3.252905
3.251139
3.048208
2.993322
3.284512
3.315784
2.930485
2.6715
2.637823
2.409372
2.163539
2.036575
1.886612
1.721328
1.924885
2.162479
1.82951
1.81683
1.867623
1.707146
1.678254
1.658876
1.722252
1.520122
1.671282
1.673407
1.679144
1.736453
1.952489
1.836494
1.869616
1.551255
1.426394
1.61739
1.654739
1.609502
1.703923
1.594686
1.614249
1.507612
1.458987
1.498358
1.36368
1.336814
1.321045
1.188901
1.198907
1.294564
1.164464
1.204032
1.264529
1.266774
1.360985
1.493147
1.773671
1.551397
1.654693
1.636179
1.446707
1.41779
1.41139
1.413326
1.429561
1.372017
1.312796
1.239397
1.031415
1.136321
1.109634
1.052549
1.036729
1.021819
1.010309
0.9219623
1.050083
1.029328
1.092636
0.9784763
1.028713
1.092237
1.13483
1.069359
1.097887
1.098003
1.087463
1.093698
0.9988012
1.018001
0.9931871
0.9963778
0.8955371
0.8726198
0.8035413
0.7974889
0.7261128
0.7821284
0.8260887
0.7631929
0.7831244
0.8756713
0.8530122
0.8641208
0.8425792
0.9364068
0.9609732
0.8207427
0.7543145
0.8078136
0.8353651
0.983892
1.14444
1.117798
1.162768
1.410699
1.331514
1.190447
1.163422
0.9811792
0.8706501
0.9326814
0.9296353
0.9615647
1.103836
1.192312
1.240566
1.327658
1.44772
1.323058
1.307679
1.337755
1.479627
1.420225
1.563454
1.658127
1.609564
1.663098
1.65381
2.028447
1.926105
1.994263
1.98591
2.023009
1.905251
2.176123
2.05912
1.876175
1.929894
2.170197
2.0814
1.877773
1.723983
1.818928
1.585086
1.666686
1.456844
1.537006
1.420123
1.444168
1.454403
1.446883
1.305749
1.342923
1.22927
1.250039
1.166134
1.133965
1.168509
1.309977
1.288887
1.33635
1.334902
1.206562
1.277421
1.357408
1.19213
1.324624
1.309109
1.387297
1.244245
1.429341
1.453945
1.656258
1.722931
1.639818
1.686069
1.597994
1.691211
1.833372
2.101182
2.065857
2.090521
2.133596
2.279184
2.12074
1.917069
1.807097
1.894279
1.957028
1.82985
2.123477
2.317901
2.382205
2.560939
2.566083
2.67484
2.549706
2.388344
2.138969
2.322414
2.324447
2.085852
2.095945
1.926722
2.019523
1.946808
2.113903
1.88631
2.265997
2.232978
2.181966
2.180129
1.977436
1.821133
1.772464
2.021627
2.215974
2.63176
2.749764
2.751185
2.967331
3.152212
3.191111
3.40619
3.032165
2.899184
3.054091
3.131854
2.434404
2.65289
2.554319
2.252013
2.206068
2.01605
2.311023
2.111377
2.416175
2.138888
2.42637
2.319149
2.415439
2.336172
2.22036
2.565381
2.521601
2.171453
2.014636
1.911157
1.474792
1.451854
1.459243
1.498097
1.44489
1.666697
1.658628
1.66204
1.664444
1.589916
1.418597
1.453317
1.36271
1.182331
1.344656
1.780366
1.673319
1.590403
1.627731
1.800301
1.681285
1.699133
1.499346
1.559465
1.547249
1.693631
1.789609
1.509187
1.695199
1.519519
1.554078
1.66881
1.657058
1.925266
1.87213
1.772257
1.854067
1.844634
1.93724
1.993755
2.125859
2.162887
2.159456
1.781525
1.834939
1.792942
1.872849
2.040337
2.369752
2.195656
2.401238
2.441595
2.656662
2.605061
2.266959
2.346663
2.416569
2.378982
2.646095
2.366102
2.233542
2.235907
1.995313
1.780521
1.862776
1.783767
1.713963
1.796676
1.521024
1.743657
1.829711
1.941364
1.974084
1.859934
2.069171
1.955265
1.758844
2.101178
1.971321
2.013341
2.135398
2.283795
2.274898
2.320448
1.953017
2.010579
1.898902
2.165025
1.933623
1.720436
1.618349
1.687259
1.706427
1.821762
1.885313
1.782943
1.449968
1.29686
1.456535
1.404064
1.762037
1.700641
1.766082
1.660938
1.575646
1.599612
1.421172
1.312066
1.290006
1.20041
1.123996
1.209393
1.07417
1.126397
1.197521
1.285153
1.367804
1.275731
1.486709
1.511275
1.607315
1.515256
1.592697
1.601206
1.988321
2.139338
2.205804
2.196378
2.551695
2.638065
2.648907
2.573169
2.726371
2.6517
2.629673
2.489761
2.367288
2.556125
2.495937
2.49007
2.5535
2.994374
2.863546
2.632728
2.650609
2.642357
2.774929
2.982509
2.596775
2.450286
2.52625
2.532597
2.170572
2.026869
2.042132
1.839017
1.851901
1.800756
1.757883
1.851162
1.739328
1.967435
1.948019
2.083734
1.860947
1.964973
1.834626
1.709522
1.681311
2.02066
2.025595
2.20866
2.087898
2.126338
2.121786
1.975991
1.871129
1.873489
1.922638
1.746472
1.822991
1.556334
1.473507
1.586026
1.397813
1.416112
1.497362
1.339624
1.427325
1.522485
1.347043
1.475142
1.46863
1.524463
1.57039
1.42344
1.396418
1.304202
1.300756
1.375281
1.499371
1.476508
1.506088
1.54464
1.37979
1.341199
1.356869
1.48051
1.763623
2.006506
1.910281
1.975889
1.841036
2.148086
2.066895
2.33914
2.438382
2.625036
2.529807
2.627258
2.630639
2.363714
2.312995
2.116965
2.048292
1.974189
2.00488
1.767185
1.652741
1.805115
1.735909
1.527267
1.6794
1.6973
1.90362
2.053167
2.002023
1.977913
1.848631
1.866604
1.69424
1.55547
1.428193
1.468028
1.332895
1.24912
1.250266
1.149466
1.113775
