95.52267
95.79024
96.07188
96.49885
95.96503
95.71716
96.07301
95.53126
95.08366
95.23776
95.46152
95.27727
95.19424
95.68284
95.89481
95.6751
95.73827
95.90855
95.52152
95.26047
95.2692
95.72831
95.80015
95.33662
95.92549
96.05346
96.84727
96.69064
97.05997
96.63716
97.08053
96.81562
96.22954
96.4681
96.10146
95.63387
95.71004
95.82383
95.71626
95.03216
94.68139
94.61274
94.82574
94.86949
94.25476
93.98669
94.31051
94.53554
95.34294
95.33261
95.64348
94.77667
94.35008
94.59846
94.75154
94.69722
93.75541
94.16645
93.89841
94.29951
94.17786
95.21855
96.19517
95.7791
95.69047
94.84909
94.93079
94.38666
95.10811
95.06199
95.51421
95.44028
95.84364
95.47934
95.43222
95.20231
94.85382
94.86226
94.57298
94.61544
94.59077
94.40113
94.5098
94.92963
95.42575
95.36821
95.13042
94.94128
94.27386
94.33563
94.48
94.91182
94.9031
94.34669
93.39642
93.79202
93.76731
93.89456
94.53516
94.31401
94.40135
94.12124
94.21955
94.63677
94.30614
93.94199
94.06974
93.48841
93.01593
93.07109
93.49413
92.83964
92.55067
93.05307
92.23289
91.97913
91.7356
91.24906
91.86847
92.26407
92.11786
92.32246
92.16297
92.17612
92.63388
92.76913
92.81023
93.93587
93.51452
93.40698
93.54273
94.10716
94.13958
94.18625
93.92677
93.2522
93.72151
94.03453
93.62521
94.22219
94.81907
95.19688
95.33311
95.7452
96.18456
95.63391
95.60385
95.1493
95.66556
95.10688
94.60823
94.89659
94.32774
94.01802
93.55983
93.85541
93.73964
93.91737
94.25467
95.02238
94.36173
93.73091
93.72135
93.67752
93.09567
93.05171
92.94648
93.37113
93.21913
93.36319
93.32999
93.32774
93.00778
92.4366
93.46953
94.34209
93.90167
93.12073
93.09801
93.22756
93.18093
93.31883
93.24501
93.99219
94.08468
94.37716
94.93247
94.30311
94.49868
94.83058
94.90547
95.11933
94.78096
94.64443
94.68309
94.5444
94.55083
94.42252
93.92012
94.17944
94.50352
94.75571
94.22567
94.06002
93.78627
93.5789
93.45185
93.57601
93.48135
93.299
93.24889
92.29974
92.38492
92.65766
92.83595
92.58323
92.66366
92.06757
91.70615
91.61175
91.55495
91.99854
91.62185
91.69335
92.007
92.02361
91.12616
91.32403
91.33545
91.78441
91.68838
92.37237
92.81778
93.42261
93.80001
93.53306
93.32638
93.57584
93.97667
93.62765
93.57386
93.28723
93.61209
93.72303
93.56958
94.0844
94.41037
94.05381
93.78024
93.78422
94.33331
94.92213
94.81435
95.14851
94.46874
94.60083
94.3073
93.35484
93.17128
93.41614
93.74335
92.82595
92.69314
91.6277
91.2757
91.59828
91.28201
90.93431
91.13532
91.31319
91.93351
91.07407
91.13436
90.32054
90.51633
90.00159
89.3354
88.45317
88.89686
88.59071
88.55782
88.68236
88.09602
88.17018
87.61657
87.77613
87.56916
87.46287
88.08685
87.66517
88.69887
88.78163
89.25263
89.09446
88.70381
88.96429
89.47796
89.11579
89.26497
90.36167
90.08491
90.16888
89.70506
89.88999
90.43116
90.41026
90.15968
89.79796
89.74331
89.90135
90.33452
90.91705
90.61685
90.64186
90.58898
90.27732
90.79103
91.06021
90.93469
91.2018
91.0058
90.46843
90.56544
90.82338
90.84733
90.78622
90.42362
90.64169
90.71135
90.38971
90.10704
90.66409
91.07365
91.49186
91.74744
91.75645
91.50332
91.3584
91.51974
92.00667
92.05647
92.5571
92.49732
92.41175
92.75815
92.30186
92.65456
92.62233
92.58627
92.16122
92.68352
92.55605
93.02124
93.12069
93.41141
93.71968
94.04898
94.016
94.04145
94.8068
94.80862
95.20253
95.20727
95.60825
95.6327
94.75272
95.23586
95.25186
95.34125
95.06432
94.72397
94.63991
94.63189
94.39824
93.7223
93.702
93.9075
93.32577
92.53024
92.57079
92.20213
92.22277
91.76115
91.34903
92.27903
92.3594
91.60123
91.6635
91.83713
91.66937
91.67685
92.44509
92.30328
91.99745
92.01968
92.1562
91.93927
92.63286
92.21046
92.23717
92.44004
92.49881
92.79935
92.83566
92.09739
92.14776
91.72652
92.03329
92.38317
92.3523
92.33007
92.73618
92.24406
91.74824
91.91335
91.85845
92.03438
92.50912
92.24452
92.39293
93.02904
93.43928
93.52537
93.45775
93.19268
93.24979
93.9862
95.36461
94.96343
94.9463
94.8057
94.32335
93.66729
93.98147
93.76557
93.22991
92.92299
93.71452
94.20037
94.16851
93.26357
93.25156
93.23229
93.57619
93.12869
93.15982
93.71247
94.03317
93.8535
94.52914
94.74735
94.44863
94.94229
95.43942
95.70767
95.98618
95.9502
96.09055
96.06241
95.96045
96.18018
95.86809
96.47617
96.77936
96.85043
97.43921
97.09104
97.07253
96.59579
96.12931
96.0578
95.96001
96.43734
95.9734
96.32788
96.01751
96.57585
96.5414
97.0312
97.75884
97.50003
97.59042
97.25217
97.24728
97.05617
97.19802
97.315
97.77368
98.13246
98.07764
98.34876
98.31585
96.99936
97.27029
97.4423
97.65308
97.2104
97.24853
97.73631
97.48594
97.66292
98.0243
96.88296
96.8169
96.62511
96.8786
97.2097
97.49568
96.91047
96.82752
96.244
96.39956
95.74176
96.32115
95.8193
95.9401
96.35311
96.16782
96.0525
96.43272
96.65874
96.62228
96.48432
96.16876
95.65468
95.28645
95.56535
95.22298
95.45574
95.49729
95.79047
95.82714
95.83525
95.92882
95.83045
96.42237
96.75435
96.17803
95.89497
95.98193
96.11421
96.22043
96.1057
95.58366
95.90704
96.15534
96.40576
96.67884
96.59209
97.3362
97.03686
97.31106
96.60078
95.66017
95.7707
95.45142
95.51221
95.91123
96.42194
95.90262
96.26152
96.26721
96.16167
96.7579
96.79177
96.69422
96.61669
96.32502
95.92565
95.78597
96.14872
96.26877
96.76891
96.4631
96.3784
96.40011
96.63084
96.65717
97.02709
96.46511
96.89123
97.13087
96.42536
96.67349
96.06898
96.79895
96.77941
96.58509
97.22419
97.77816
97.6405
97.76041
98.38617
97.95041
97.71857
96.81328
96.63495
96.65896
96.99666
97.05856
96.65804
96.53337
96.46864
96.50042
96.51686
96.33181
96.30407
96.03253
95.7454
96.12312
95.64094
95.70412
95.77462
95.52848
95.1156
94.48342
94.75993
94.89387
95.17268
94.93723
95.01093
95.72447
96.15303
96.2802
96.38103
96.28115
96.26127
96.09872
96.46942
96.66171
96.66121
96.72101
97.20736
96.49556
96.30391
96.37359
96.74432
96.68507
96.51895
96.70707
96.94801
96.77895
97.44668
97.43531
96.99668
96.74033
96.40398
96.71849
95.61657
95.50824
95.86034
95.75137
95.85318
95.49745
94.88327
94.2406
94.73746
95.01351
94.33557
93.22688
93.27307
92.95608
93.33289
92.89511
93.34608
93.96413
94.34018
94.33389
94.08337
93.99771
94.36598
94.59543
94.37847
93.83432
93.69081
93.70275
94.33539
94.71361
95.55353
95.66588
95.89407
96.33776
95.74349
96.32589
96.27221
95.81559
95.33456
95.41266
95.92081
95.77277
95.41541
96.02374
95.66382
96.04622
95.97065
96.23748
96.0992
96.34115
96.98904
97.22035
96.57946
96.50923
96.65827
96.42367
96.70745
96.12593
95.85415
95.68099
95.19259
95.54894
95.66393
95.79494
95.88624
96.03047
96.64811
96.40166
97.30782
97.27293
96.97773
97.1338
96.84685
96.99499
97.64822
97.58782
97.53547
97.42047
97.02886
97.41584
97.11246
96.63204
96.49462
97.03204
96.6741
95.99835
95.79885
95.30604
95.39413
95.3541
94.86898
94.56198
94.14635
94.13195
93.4746
93.63199
93.67664
93.22332
93.62475
94.30544
94.00247
93.47404
93.42486
93.41181
93.61668
94.02564
93.90218
94.09602
93.87497
94.74751
95.04415
94.79505
95.16557
94.50137
93.79773
93.89831
94.10407
93.0954
93.99245
94.09563
93.78979
94.04312
93.62826
93.91588
93.95247
94.00272
93.91304
93.69333
93.72921
93.73484
94.05932
94.4622
94.46172
93.68723
93.69598
93.66043
93.71173
93.538
93.41961
93.8698
93.58844
93.26991
93.53008
93.55077
93.64006
93.54307
93.29424
93.59304
92.81208
92.62542
92.53411
92.39353
91.9831
91.93436
92.02633
91.23682
91.62328
91.67223
91.37081
91.05361
91.48491
91.72807
92.21174
92.52939
92.55421
92.01506
91.79484
91.26871
90.88553
90.78453
90.24932
90.41709
90.86031
91.16036
91.08386
91.43868
91.69188
91.67205
91.52978
91.36263
91.85535
91.49232
91.31486
91.18143
91.26956
91.34864
91.35587
91.51643
91.17788
91.21044
90.94164
90.86296
90.88989
90.93725
90.93465
91.15952
91.39494
91.08092
90.98953
91.76374
92.00156
92.05809
92.48621
92.04471
91.66406
91.65455
91.44577
91.36399
91.67221
91.43528
91.85609
92.16514
92.2188
92.74308
92.47026
92.02045
92.19052
92.14867
92.03295
91.83812
92.16916
92.46183
92.17202
92.06636
92.39349
92.55626
91.98725
92.03861
91.95174
92.03471
91.81014
91.95635
92.20946
93.20932
93.73391
93.90651
94.29973
94.25978
94.02614
93.81037
94.40397
94.15539
94.51387
94.69487
94.9186
95.01204
94.59873
94.72633
94.28594
93.67977
93.38248
92.997
92.12326
92.25421
92.51006
92.4069
92.2334
92.54795
93.49754
93.98636
93.3475
93.99903
93.79388
93.4073
93.11924
92.59976
92.88669
93.01692
93.14073
93.79753
93.85541
94.12413
94.34389
94.60549
94.65015
94.4185
94.67129
94.76432
94.70578
94.24454
94.3611
94.61362
94.54122
94.85614
95.2147
95.41737
95.31341
95.40699
95.14211
95.58838
95.15483
95.00458
95.76653
95.04573
94.67854
95.25994
95.46362
95.45561
95.67031
95.33879
95.14438
93.963
94.24352
94.31388
94.33796
93.82987
93.41533
93.56282
93.35244
93.2294
93.30582
93.36235
93.37367
94.11838
93.88005
94.80438
95.09257
95.13333
95.31159
94.89537
94.82979
94.8155
94.7903
94.75862
94.64613
94.62875
95.58806
95.91304
96.13231
95.90625
95.30608
95.23841
95.22019
95.3323
95.02828
94.94068
94.40394
94.10142
94.15941
93.97695
94.63591
94.80083
94.67037
95.18754
95.33466
95.79094
95.84724
96.06297
95.68585
95.79411
95.98368
95.89392
