25.49595
26.19618
27.35635
29.43129
28.29263
26.89928
30.22754
27.6374
27.33676
29.41312
26.13356
31.10759
28.91346
28.06718
27.87528
27.84169
26.52143
28.19581
29.4409
28.66127
28.31226
29.00968
28.32438
27.07908
27.11282
25.93785
29.8645
28.80366
30.43667
28.68031
26.3918
27.34547
29.63006
28.09615
26.78077
27.56069
27.55623
29.76631
30.36332
27.64384
28.40234
30.56798
27.468
26.83918
27.92954
27.08236
27.52466
32.98481
29.64212
26.5475
28.97869
27.01936
29.85375
26.64653
31.58344
28.91946
26.95723
27.99171
27.04446
29.16041
28.69544
29.082
31.13411
28.05673
28.1764
29.2079
28.06956
28.98969
27.47375
27.91695
29.11319
26.95508
29.19036
27.98539
27.71518
30.12357
29.36021
28.3994
29.01444
26.58366
27.30347
28.24353
29.11631
28.88035
27.85687
28.00764
27.72777
27.50259
28.50973
29.63059
29.11876
28.92888
30.19532
28.50419
32.26709
31.34724
27.98652
25.98194
27.28486
30.23545
30.15551
29.09224
27.72075
30.48239
28.27464
27.66794
28.28008
30.96961
25.99531
26.59982
28.13716
25.49926
27.66565
28.43186
28.31724
27.46375
26.21691
27.50587
26.74208
28.7293
26.99003
27.92216
27.90349
28.54989
26.21882
27.87872
28.45779
28.5051
30.288
29.4571
27.21209
30.02997
28.42725
26.62556
28.02336
26.0361
29.64723
28.8583
28.7388
28.06705
28.08346
30.01946
26.17442
30.43484
30.93124
31.98622
28.1986
30.47385
30.01909
26.39753
28.83013
29.162
28.9148
28.79864
27.12764
29.06343
30.44352
28.84547
28.82558
27.58098
29.24943
27.01451
32.36986
30.907
27.88421
29.98576
26.07023
31.04466
29.20399
29.10178
27.81386
27.12024
27.86475
28.50015
29.72572
28.92781
26.17295
29.19656
30.2004
28.02638
28.12064
28.15934
28.62241
28.40679
24.30404
29.05445
26.88291
30.21445
27.2458
27.16028
26.35357
25.93564
28.90477
29.1332
27.68579
26.70703
27.80715
29.32431
26.55917
29.28867
29.3746
27.72833
27.8915
28.3307
28.08811
31.19235
29.28539
26.43111
29.06931
27.92687
29.5626
27.47146
27.97361
29.56613
27.50622
31.18287
25.58771
27.16285
29.26883
29.04277
28.11432
25.3817
27.18826
27.28149
30.86246
30.56104
26.14944
27.48751
29.03319
30.14716
30.23217
28.83486
28.63595
27.52722
27.96289
29.74331
29.21229
26.15066
27.47903
28.40537
29.25461
28.17498
26.8644
28.58777
27.18626
27.41559
27.3558
29.1788
31.73668
29.20555
29.4961
28.40452
28.66714
27.36122
27.3208
26.56828
29.4069
26.10935
28.42382
28.90104
28.70688
26.32093
29.27019
29.36368
27.77774
27.25199
28.72325
28.31236
28.58259
26.50647
27.7098
29.48258
27.92507
28.81844
26.82689
27.97918
30.83808
30.18947
26.93249
29.90482
26.63888
26.27075
26.11659
27.83324
28.4564
24.93351
25.78166
27.32756
30.995
29.57688
30.39058
28.76575
24.77119
27.00168
29.62636
28.86265
28.8204
27.28135
28.3436
24.72708
26.01965
30.34498
29.16574
26.38985
27.75777
23.92481
26.88361
27.69021
25.78508
26.72648
26.24672
26.58895
31.20186
27.04873
27.76001
27.92498
26.88605
30.14804
30.90983
27.24935
28.46807
27.28175
27.95025
27.2369
29.04156
27.19548
29.89811
30.30682
25.83134
27.31499
27.85817
26.68371
27.0389
31.94921
26.73886
24.7501
26.69955
26.78132
29.37796
28.87384
24.93554
28.1243
27.37511
28.21408
27.33437
28.10634
28.45908
29.95432
28.70993
27.87159
26.85423
28.97216
27.39842
31.65018
28.46223
32.21626
30.50696
28.90702
30.14948
28.11345
27.34423
28.18868
26.18585
29.16182
29.04298
29.69003
28.64026
29.70824
26.98611
26.52864
28.82167
28.44577
29.27829
27.89354
32.44733
30.37405
27.92047
27.79849
27.03783
28.46052
25.65075
26.01549
26.79978
29.23546
27.63776
29.59738
29.9594
28.14858
27.59756
27.47196
26.81402
28.10579
29.39872
29.57617
30.77842
27.00217
28.03206
29.49677
27.86024
24.8181
29.26152
30.12993
26.69499
26.82665
28.92549
27.9391
26.47943
30.26953
28.46839
27.64269
30.75706
31.05532
27.76709
29.99213
28.93847
26.73618
30.40133
27.57322
28.54248
29.45391
26.01331
26.91864
27.23352
30.44608
26.14487
29.3966
30.60105
32.35129
28.14589
27.04696
31.05361
28.06397
28.74722
27.90708
27.43028
28.56223
28.02665
26.20173
28.15545
30.57537
29.98135
29.47086
28.64819
29.5336
26.10276
25.69372
25.40681
27.57509
27.24875
26.94745
31.22356
31.28992
30.49658
29.69079
26.39454
31.77261
29.5364
29.76868
28.72969
29.72371
29.27978
29.15361
30.06734
26.9381
27.80367
28.40481
26.13659
28.5797
28.70375
30.66723
29.42575
30.38854
29.13954
28.47693
28.11707
28.81571
25.55921
29.36958
28.37591
28.80907
29.47843
26.91984
25.85943
26.84985
27.21065
27.8014
27.32918
28.4469
29.63265
29.52976
26.671
27.48721
28.07905
27.80651
29.08939
28.62696
28.06196
25.63875
25.50088
27.3053
27.52071
29.0401
26.87834
26.44952
29.34095
28.58729
26.44599
27.25279
29.21148
29.59805
28.49141
25.62463
29.34244
26.9852
25.79252
28.73639
28.98319
30.53417
27.55777
28.08507
29.38548
27.85368
28.90167
25.77401
27.59328
23.68722
26.48193
26.51648
26.83754
27.14727
27.5686
27.39289
27.68539
28.02953
27.82581
25.30544
25.36916
28.32614
28.33337
28.61725
27.31529
27.23353
24.62981
28.71881
26.55961
27.50867
25.69041
28.65365
25.3161
31.85753
28.33371
27.94825
26.89789
27.79437
27.40214
30.08354
29.52281
30.45392
30.01206
26.41541
27.91165
26.72641
26.80317
26.57787
27.39936
25.03275
27.58551
29.91631
29.20703
29.90184
30.15329
29.84055
28.50564
28.12144
28.46934
28.14445
27.25101
26.2668
26.67903
30.9862
27.76625
29.9685
28.96093
26.93427
27.23678
27.53238
27.99332
26.93021
29.095
28.70795
28.02263
27.55124
31.17607
27.47051
28.46702
29.24134
27.02095
29.31185
29.52304
31.4926
29.30216
30.09451
30.27811
27.12381
27.00853
30.26421
28.17492
29.12328
28.78927
29.33473
30.08632
28.49351
26.73281
28.75801
28.10575
27.32247
26.29517
28.03757
27.16036
27.67879
28.56661
28.42962
28.37545
29.23183
30.36463
29.38176
25.9325
27.4706
29.53087
30.61004
29.11365
28.79886
31.86372
30.09686
29.69221
27.14364
28.14178
27.81552
31.51884
27.56911
26.53899
30.45276
30.76178
28.01297
27.54758
26.56583
25.1614
25.48155
27.77835
27.03291
28.27574
26.92086
25.88125
26.58184
28.77569
25.75762
27.44988
26.28189
28.00268
26.28753
26.22466
28.17897
31.41554
26.72022
26.5846
28.66216
25.61756
28.53731
26.38601
26.5864
28.24739
25.26848
27.18047
28.89752
28.49573
27.07814
27.11062
27.82936
27.41928
27.07688
28.44879
28.01129
28.83556
29.72772
30.74758
28.15507
28.32336
25.56913
27.29874
27.54916
29.69317
28.88008
26.64575
28.03717
28.08993
27.11883
28.07731
27.41246
27.24206
26.05804
28.31039
28.08163
27.65127
29.93415
31.16056
26.38479
28.11069
29.1894
29.35422
26.80588
27.28577
29.99561
27.503
27.65185
29.01989
27.22906
27.82842
27.6541
30.24569
27.40172
29.42084
30.34646
27.93178
27.42266
29.38792
29.66889
26.33797
28.87581
28.35328
29.63047
26.12834
27.32911
27.99163
29.97762
27.35153
29.78173
30.03078
26.84178
25.21514
28.00688
27.8954
25.67797
27.68533
26.55533
29.3877
28.47344
26.30927
29.19479
27.80277
27.61199
31.20474
27.97022
29.8665
30.52864
27.79587
31.83326
28.21212
30.57784
28.25591
27.78793
25.79445
29.52376
29.55081
29.7985
26.41693
28.45142
28.43009
28.00738
28.39241
29.85615
25.73649
27.07646
30.1332
30.1702
29.97986
30.10087
28.00613
31.28574
27.93589
29.10043
26.87013
32.65512
28.88165
28.99109
30.66781
28.09129
27.82237
25.43758
28.36385
26.84276
28.93133
27.30021
25.93248
26.827
28.55996
28.67204
28.08745
29.12956
25.87831
28.1565
29.08076
27.616
29.68464
27.88235
29.17239
28.15828
26.21499
28.37765
27.0994
26.89966
30.17857
28.93965
31.48038
26.61808
28.11802
28.36458
28.30791
28.42734
26.99593
27.65948
30.08297
28.70833
27.49469
28.11184
26.98549
29.79956
27.66467
27.24658
23.8447
25.49271
24.89299
26.56229
25.2806
28.91416
28.4069
27.81964
26.77477
27.53936
25.8921
28.84159
26.60744
28.78022
27.63025
25.09012
26.62681
26.99949
26.02955
28.85744
28.9008
27.05434
27.48788
30.18365
27.4411
25.79954
26.96124
28.62699
28.97178
31.23626
29.32265
29.06724
29.10843
30.23965
30.30945
29.63186
29.10245
28.88555
28.06764
27.31504
27.57578
30.25373
29.57929
27.26934
31.15894
26.36489
25.42119
27.80031
27.36194
26.83374
29.0191
26.97403
31.59158
28.41832
28.12168
32.52843
28.95765
26.90673
28.38297
29.08009
28.76004
26.74497
26.87374
28.88226
27.93986
26.94665
28.03112
25.88638
28.28354
29.77755
29.92974
28.15554
27.63238
26.82831
30.21728
28.00679
30.00188
29.40381
28.82535
27.19782
33.0072
28.74239
26.86941
27.14789
27.39869
27.81479
27.42439
28.98175
29.90603
29.84399
24.72682
27.51282
27.44808
28.99347
29.87778
30.27833
32.19235
28.06408
29.10966
28.31407
28.27219
27.71975
27.50421
28.33135
31.26115
29.09363
27.30078
28.61155
31.16926
30.44488
28.9474
28.36957
29.3049
29.23573
29.36152
30.07723
30.67919
29.04704
28.87983
28.50844
27.97182
28.02298
26.86456
28.45568
28.96577
26.76323
28.06933
24.89061
27.97254
27.61303
27.589
30.37201
25.23666
25.61807
27.87226
26.49239
27.66341
27.92461
26.58306
27.88742
30.03406
25.60335
29.52456
29.2872
25.42518
29.19038
28.83916
26.94686
31.40596
28.71686
27.78985
27.8193
25.84453
31.11765
29.84298
26.90498
30.59305
26.70639
28.21115
27.61076
29.53699
28.43244
27.47553
26.63757
29.63202
27.0455
32.0857
30.96262
27.74969
27.58029
31.0207
27.2973
